1850 -0.274 -0.325 -0.240 -0.323 -0.224 -0.395 -0.153 -0.348 -0.211 -0.418 -0.139
1851 -0.271 -0.321 -0.237 -0.320 -0.222 -0.355 -0.187 -0.345 -0.209 -0.384 -0.167
1852 -0.271 -0.321 -0.237 -0.319 -0.224 -0.330 -0.212 -0.343 -0.210 -0.365 -0.186
1853 -0.278 -0.328 -0.244 -0.324 -0.233 -0.328 -0.229 -0.349 -0.219 -0.365 -0.201
1854 -0.295 -0.345 -0.260 -0.339 -0.251 -0.344 -0.246 -0.363 -0.237 -0.380 -0.218
1855 -0.317 -0.370 -0.284 -0.360 -0.275 -0.368 -0.266 -0.385 -0.261 -0.403 -0.241
1856 -0.342 -0.397 -0.309 -0.384 -0.300 -0.395 -0.289 -0.411 -0.287 -0.430 -0.265
1857 -0.362 -0.419 -0.330 -0.404 -0.320 -0.415 -0.309 -0.433 -0.308 -0.451 -0.287
1858 -0.376 -0.436 -0.344 -0.419 -0.333 -0.429 -0.323 -0.449 -0.321 -0.467 -0.300
1859 -0.384 -0.446 -0.349 -0.428 -0.340 -0.437 -0.331 -0.460 -0.327 -0.477 -0.307
1860 -0.390 -0.454 -0.352 -0.435 -0.344 -0.443 -0.336 -0.467 -0.329 -0.484 -0.309
1861 -0.393 -0.458 -0.350 -0.440 -0.346 -0.449 -0.336 -0.472 -0.327 -0.489 -0.306
1862 -0.389 -0.458 -0.342 -0.437 -0.341 -0.447 -0.331 -0.471 -0.321 -0.489 -0.299
1863 -0.378 -0.449 -0.328 -0.426 -0.329 -0.436 -0.319 -0.462 -0.309 -0.480 -0.287
1864 -0.359 -0.433 -0.309 -0.407 -0.310 -0.417 -0.301 -0.445 -0.289 -0.462 -0.267
1865 -0.334 -0.412 -0.286 -0.382 -0.286 -0.393 -0.276 -0.423 -0.265 -0.440 -0.243
1866 -0.312 -0.390 -0.265 -0.359 -0.265 -0.371 -0.253 -0.401 -0.243 -0.418 -0.221
1867 -0.296 -0.373 -0.250 -0.342 -0.250 -0.356 -0.236 -0.382 -0.227 -0.399 -0.204
1868 -0.287 -0.361 -0.241 -0.331 -0.242 -0.346 -0.228 -0.369 -0.218 -0.387 -0.195
1869 -0.284 -0.355 -0.238 -0.327 -0.240 -0.339 -0.228 -0.363 -0.217 -0.379 -0.196
1870 -0.286 -0.355 -0.242 -0.328 -0.244 -0.337 -0.235 -0.363 -0.222 -0.377 -0.203
1871 -0.292 -0.361 -0.250 -0.333 -0.251 -0.339 -0.245 -0.368 -0.230 -0.380 -0.214
1872 -0.300 -0.368 -0.259 -0.341 -0.260 -0.345 -0.256 -0.375 -0.240 -0.386 -0.225
1873 -0.305 -0.373 -0.264 -0.344 -0.265 -0.347 -0.262 -0.379 -0.245 -0.390 -0.231
1874 -0.300 -0.368 -0.259 -0.339 -0.262 -0.343 -0.258 -0.374 -0.241 -0.385 -0.227
1875 -0.282 -0.350 -0.239 -0.319 -0.244 -0.323 -0.240 -0.355 -0.222 -0.365 -0.208
1876 -0.252 -0.319 -0.208 -0.289 -0.216 -0.294 -0.211 -0.323 -0.191 -0.333 -0.178
1877 -0.219 -0.285 -0.175 -0.255 -0.184 -0.261 -0.177 -0.289 -0.159 -0.299 -0.145
1878 -0.196 -0.260 -0.152 -0.231 -0.162 -0.239 -0.154 -0.264 -0.137 -0.276 -0.122
1879 -0.192 -0.254 -0.148 -0.225 -0.159 -0.235 -0.149 -0.258 -0.134 -0.270 -0.119
1880 -0.205 -0.266 -0.162 -0.237 -0.174 -0.248 -0.163 -0.270 -0.150 -0.282 -0.134
1881 -0.232 -0.291 -0.189 -0.262 -0.202 -0.273 -0.191 -0.295 -0.178 -0.306 -0.163
1882 -0.266 -0.322 -0.223 -0.295 -0.236 -0.306 -0.225 -0.327 -0.214 -0.338 -0.199
1883 -0.299 -0.355 -0.258 -0.327 -0.272 -0.339 -0.260 -0.359 -0.249 -0.370 -0.235
1884 -0.328 -0.382 -0.288 -0.355 -0.301 -0.367 -0.288 -0.386 -0.280 -0.398 -0.265
1885 -0.346 -0.400 -0.307 -0.372 -0.320 -0.385 -0.307 -0.404 -0.299 -0.415 -0.284
1886 -0.352 -0.407 -0.314 -0.378 -0.327 -0.392 -0.313 -0.411 -0.306 -0.422 -0.291
1887 -0.350 -0.406 -0.311 -0.376 -0.324 -0.390 -0.310 -0.410 -0.303 -0.421 -0.288
1888 -0.345 -0.404 -0.306 -0.371 -0.319 -0.384 -0.307 -0.409 -0.297 -0.419 -0.283
1889 -0.346 -0.408 -0.304 -0.373 -0.320 -0.384 -0.309 -0.413 -0.296 -0.422 -0.283
1890 -0.356 -0.421 -0.310 -0.383 -0.329 -0.392 -0.321 -0.427 -0.304 -0.434 -0.293
1891 -0.371 -0.438 -0.321 -0.398 -0.343 -0.405 -0.337 -0.444 -0.316 -0.451 -0.306
1892 -0.382 -0.449 -0.330 -0.410 -0.354 -0.414 -0.349 -0.457 -0.325 -0.463 -0.316
1893 -0.381 -0.450 -0.329 -0.409 -0.353 -0.413 -0.350 -0.458 -0.323 -0.463 -0.315
1894 -0.367 -0.437 -0.315 -0.395 -0.339 -0.397 -0.336 -0.444 -0.308 -0.449 -0.300
1895 -0.344 -0.414 -0.293 -0.372 -0.316 -0.374 -0.314 -0.420 -0.284 -0.425 -0.277
1896 -0.320 -0.389 -0.270 -0.348 -0.292 -0.350 -0.290 -0.396 -0.260 -0.401 -0.253
1897 -0.303 -0.371 -0.253 -0.331 -0.275 -0.333 -0.273 -0.378 -0.243 -0.383 -0.235
1898 -0.296 -0.362 -0.246 -0.324 -0.268 -0.326 -0.266 -0.369 -0.235 -0.375 -0.228
1899 -0.300 -0.364 -0.249 -0.328 -0.272 -0.331 -0.269 -0.372 -0.239 -0.378 -0.231
1900 -0.315 -0.377 -0.262 -0.342 -0.287 -0.346 -0.284 -0.385 -0.254 -0.391 -0.246
1901 -0.339 -0.398 -0.286 -0.366 -0.312 -0.370 -0.308 -0.408 -0.278 -0.414 -0.270
1902 -0.367 -0.425 -0.316 -0.393 -0.340 -0.397 -0.336 -0.434 -0.308 -0.440 -0.300
1903 -0.392 -0.449 -0.342 -0.417 -0.366 -0.421 -0.362 -0.457 -0.334 -0.463 -0.327
1904 -0.409 -0.466 -0.360 -0.434 -0.384 -0.438 -0.380 -0.473 -0.354 -0.479 -0.346
1905 -0.421 -0.477 -0.372 -0.445 -0.396 -0.450 -0.392 -0.484 -0.367 -0.490 -0.360
1906 -0.432 -0.487 -0.383 -0.455 -0.408 -0.462 -0.402 -0.494 -0.380 -0.500 -0.372
1907 -0.446 -0.500 -0.399 -0.469 -0.423 -0.477 -0.415 -0.507 -0.396 -0.514 -0.387
1908 -0.461 -0.514 -0.416 -0.484 -0.439 -0.493 -0.430 -0.521 -0.413 -0.529 -0.404
1909 -0.472 -0.523 -0.427 -0.493 -0.450 -0.503 -0.440 -0.530 -0.424 -0.538 -0.415
1910 -0.469 -0.519 -0.425 -0.490 -0.448 -0.500 -0.439 -0.527 -0.423 -0.534 -0.414
1911 -0.451 -0.501 -0.407 -0.472 -0.431 -0.482 -0.421 -0.508 -0.405 -0.516 -0.396
1912 -0.420 -0.469 -0.376 -0.441 -0.399 -0.451 -0.389 -0.477 -0.374 -0.485 -0.365
1913 -0.384 -0.433 -0.340 -0.406 -0.362 -0.417 -0.350 -0.441 -0.338 -0.450 -0.328
1914 -0.353 -0.403 -0.309 -0.376 -0.330 -0.390 -0.316 -0.412 -0.306 -0.422 -0.294
1915 -0.334 -0.385 -0.289 -0.358 -0.310 -0.375 -0.293 -0.394 -0.285 -0.407 -0.272
1916 -0.325 -0.377 -0.278 -0.350 -0.300 -0.370 -0.281 -0.386 -0.275 -0.401 -0.259
1917 -0.319 -0.370 -0.272 -0.345 -0.294 -0.367 -0.272 -0.381 -0.268 -0.397 -0.251
1918 -0.310 -0.358 -0.261 -0.335 -0.284 -0.358 -0.261 -0.370 -0.258 -0.387 -0.240
1919 -0.294 -0.342 -0.247 -0.320 -0.269 -0.343 -0.246 -0.353 -0.244 -0.371 -0.226
1920 -0.278 -0.325 -0.232 -0.303 -0.254 -0.326 -0.231 -0.334 -0.231 -0.352 -0.213
1921 -0.265 -0.312 -0.221 -0.288 -0.242 -0.310 -0.220 -0.319 -0.221 -0.335 -0.203
1922 -0.256 -0.302 -0.214 -0.278 -0.233 -0.299 -0.212 -0.307 -0.214 -0.322 -0.197
1923 -0.246 -0.293 -0.208 -0.268 -0.225 -0.288 -0.205 -0.296 -0.208 -0.311 -0.191
1924 -0.236 -0.281 -0.199 -0.256 -0.215 -0.276 -0.195 -0.283 -0.199 -0.298 -0.182
1925 -0.224 -0.269 -0.188 -0.244 -0.204 -0.264 -0.184 -0.271 -0.188 -0.285 -0.171
1926 -0.214 -0.259 -0.179 -0.234 -0.194 -0.254 -0.174 -0.260 -0.179 -0.274 -0.162
1927 -0.207 -0.252 -0.173 -0.227 -0.187 -0.246 -0.168 -0.252 -0.173 -0.267 -0.157
1928 -0.201 -0.246 -0.169 -0.221 -0.182 -0.240 -0.163 -0.246 -0.168 -0.260 -0.152
1929 -0.194 -0.238 -0.163 -0.214 -0.175 -0.233 -0.155 -0.239 -0.162 -0.253 -0.144
1930 -0.185 -0.229 -0.154 -0.205 -0.165 -0.225 -0.145 -0.229 -0.152 -0.244 -0.134
1931 -0.175 -0.219 -0.145 -0.195 -0.155 -0.216 -0.134 -0.219 -0.142 -0.234 -0.123
1932 -0.166 -0.210 -0.137 -0.186 -0.147 -0.208 -0.125 -0.210 -0.134 -0.225 -0.115
1933 -0.158 -0.200 -0.129 -0.177 -0.139 -0.198 -0.117 -0.200 -0.126 -0.216 -0.107
1934 -0.145 -0.187 -0.117 -0.164 -0.126 -0.184 -0.107 -0.187 -0.114 -0.201 -0.096
1935 -0.126 -0.166 -0.100 -0.145 -0.108 -0.163 -0.090 -0.166 -0.095 -0.180 -0.079
1936 -0.101 -0.140 -0.077 -0.120 -0.082 -0.136 -0.066 -0.140 -0.071 -0.152 -0.055
1937 -0.073 -0.110 -0.051 -0.092 -0.054 -0.107 -0.039 -0.111 -0.043 -0.123 -0.028
1938 -0.048 -0.080 -0.025 -0.067 -0.028 -0.081 -0.015 -0.084 -0.017 -0.096 -0.003
1939 -0.027 -0.056 0.000 -0.047 -0.006 -0.059 0.006 -0.063 0.005 -0.075 0.019
1940 -0.010 -0.041 0.017 -0.031 0.012 -0.042 0.023 -0.048 0.024 -0.060 0.037
1941 0.003 -0.031 0.030 -0.019 0.024 -0.032 0.037 -0.038 0.039 -0.051 0.053
1942 0.012 -0.027 0.038 -0.010 0.034 -0.027 0.051 -0.032 0.049 -0.047 0.066
1943 0.017 -0.023 0.041 -0.006 0.039 -0.027 0.060 -0.028 0.054 -0.046 0.074
1944 0.014 -0.026 0.039 -0.008 0.036 -0.033 0.061 -0.029 0.049 -0.049 0.072
1945 0.003 -0.033 0.030 -0.019 0.024 -0.046 0.051 -0.039 0.036 -0.060 0.061
1946 -0.014 -0.047 0.010 -0.035 0.007 -0.061 0.032 -0.055 0.019 -0.076 0.043
1947 -0.033 -0.069 -0.002 -0.053 -0.012 -0.076 0.011 -0.077 0.002 -0.095 0.023
1948 -0.048 -0.092 -0.015 -0.068 -0.029 -0.088 -0.008 -0.095 -0.010 -0.110 0.007
1949 -0.057 -0.104 -0.021 -0.075 -0.038 -0.093 -0.020 -0.104 -0.017 -0.116 -0.003
1950 -0.055 -0.102 -0.021 -0.073 -0.037 -0.090 -0.021 -0.103 -0.017 -0.115 -0.004
1951 -0.052 -0.094 -0.020 -0.069 -0.035 -0.087 -0.017 -0.098 -0.015 -0.110 -0.002
1952 -0.054 -0.091 -0.023 -0.071 -0.037 -0.090 -0.018 -0.096 -0.017 -0.109 -0.003
1953 -0.063 -0.098 -0.034 -0.079 -0.046 -0.099 -0.026 -0.101 -0.027 -0.116 -0.011
1954 -0.076 -0.110 -0.049 -0.092 -0.060 -0.113 -0.039 -0.112 -0.041 -0.127 -0.025
1955 -0.085 -0.119 -0.057 -0.100 -0.069 -0.121 -0.048 -0.119 -0.052 -0.134 -0.035
1956 -0.081 -0.112 -0.054 -0.097 -0.066 -0.117 -0.046 -0.114 -0.050 -0.129 -0.033
1957 -0.066 -0.092 -0.038 -0.080 -0.051 -0.100 -0.031 -0.095 -0.035 -0.110 -0.019
1958 -0.042 -0.068 -0.016 -0.057 -0.028 -0.076 -0.009 -0.071 -0.013 -0.086 0.002
1959 -0.023 -0.047 0.002 -0.037 -0.009 -0.056 0.010 -0.050 0.005 -0.065 0.021
1960 -0.012 -0.037 0.010 -0.026 0.001 -0.045 0.021 -0.040 0.013 -0.055 0.030
1961 -0.015 -0.040 0.005 -0.028 -0.001 -0.048 0.018 -0.042 0.010 -0.057 0.027
1962 -0.028 -0.052 -0.009 -0.041 -0.015 -0.061 0.005 -0.055 -0.004 -0.071 0.013
1963 -0.047 -0.071 -0.028 -0.060 -0.035 -0.081 -0.014 -0.075 -0.024 -0.091 -0.007
1964 -0.068 -0.090 -0.047 -0.081 -0.056 -0.103 -0.034 -0.094 -0.044 -0.111 -0.026
1965 -0.082 -0.099 -0.059 -0.094 -0.069 -0.116 -0.047 -0.105 -0.057 -0.123 -0.038
1966 -0.084 -0.102 -0.063 -0.096 -0.072 -0.119 -0.050 -0.107 -0.060 -0.126 -0.042
1967 -0.080 -0.097 -0.059 -0.092 -0.069 -0.115 -0.046 -0.101 -0.056 -0.120 -0.038
1968 -0.073 -0.089 -0.053 -0.085 -0.062 -0.108 -0.039 -0.093 -0.050 -0.113 -0.031
1969 -0.068 -0.084 -0.050 -0.079 -0.057 -0.102 -0.034 -0.088 -0.046 -0.108 -0.027
1970 -0.069 -0.083 -0.051 -0.080 -0.058 -0.103 -0.035 -0.087 -0.047 -0.107 -0.028
1971 -0.075 -0.086 -0.056 -0.086 -0.063 -0.108 -0.041 -0.091 -0.053 -0.112 -0.034
1972 -0.083 -0.095 -0.065 -0.094 -0.072 -0.116 -0.050 -0.100 -0.063 -0.120 -0.044
1973 -0.094 -0.105 -0.077 -0.105 -0.083 -0.127 -0.061 -0.109 -0.075 -0.129 -0.056
1974 -0.100 -0.112 -0.088 -0.111 -0.089 -0.133 -0.068 -0.116 -0.084 -0.136 -0.064
1975 -0.098 -0.109 -0.087 -0.109 -0.087 -0.130 -0.066 -0.113 -0.083 -0.134 -0.062
1976 -0.083 -0.092 -0.071 -0.093 -0.072 -0.115 -0.050 -0.097 -0.067 -0.118 -0.047
1977 -0.054 -0.063 -0.041 -0.065 -0.043 -0.087 -0.021 -0.068 -0.038 -0.089 -0.018
1978 -0.018 -0.029 -0.006 -0.029 -0.007 -0.051 0.015 -0.032 -0.001 -0.053 0.019
1979 0.019 0.007 0.031 0.008 0.029 -0.015 0.052 0.003 0.035 -0.018 0.056
1980 0.047 0.034 0.059 0.037 0.058 0.013 0.081 0.030 0.064 0.009 0.085
1981 0.064 0.049 0.077 0.053 0.074 0.029 0.098 0.045 0.081 0.024 0.102
1982 0.069 0.053 0.083 0.059 0.080 0.035 0.104 0.049 0.087 0.029 0.109
1983 0.069 0.052 0.082 0.058 0.080 0.034 0.103 0.048 0.087 0.029 0.108
1984 0.070 0.051 0.084 0.059 0.081 0.036 0.104 0.048 0.088 0.029 0.109
1985 0.078 0.060 0.093 0.068 0.089 0.045 0.112 0.055 0.098 0.037 0.118
1986 0.098 0.078 0.115 0.088 0.109 0.064 0.133 0.073 0.118 0.056 0.138
1987 0.125 0.104 0.145 0.114 0.135 0.090 0.160 0.099 0.147 0.082 0.166
1988 0.153 0.129 0.174 0.142 0.164 0.118 0.188 0.126 0.178 0.108 0.195
1989 0.175 0.148 0.200 0.164 0.185 0.139 0.210 0.146 0.203 0.130 0.219
1990 0.188 0.158 0.215 0.178 0.199 0.152 0.225 0.158 0.219 0.142 0.234
1991 0.195 0.164 0.224 0.185 0.206 0.159 0.232 0.163 0.228 0.147 0.243
1992 0.201 0.169 0.232 0.190 0.211 0.164 0.237 0.167 0.236 0.152 0.250
1993 0.211 0.178 0.245 0.201 0.222 0.175 0.248 0.177 0.248 0.162 0.262
1994 0.232 0.198 0.267 0.222 0.242 0.195 0.269 0.197 0.270 0.182 0.283
1995 0.263 0.228 0.298 0.253 0.272 0.225 0.300 0.227 0.301 0.211 0.315
1996 0.297 0.263 0.334 0.288 0.307 0.260 0.335 0.261 0.336 0.245 0.350
1997 0.331 0.295 0.368 0.321 0.340 0.294 0.367 0.293 0.370 0.277 0.384
1998 0.358 0.322 0.397 0.348 0.367 0.321 0.394 0.320 0.399 0.305 0.412
1999 0.381 0.344 0.421 0.372 0.390 0.345 0.417 0.342 0.422 0.327 0.435
2000 0.402 0.365 0.442 0.394 0.411 0.366 0.438 0.363 0.444 0.348 0.457
2001 0.424 0.388 0.465 0.415 0.432 0.387 0.460 0.386 0.467 0.370 0.480
2002 0.446 0.411 0.487 0.438 0.454 0.409 0.484 0.409 0.489 0.392 0.504
2003 0.466 0.431 0.506 0.459 0.474 0.428 0.504 0.429 0.508 0.412 0.525
2004 0.480 0.445 0.519 0.473 0.487 0.441 0.518 0.443 0.521 0.425 0.539
2005 0.487 0.451 0.524 0.480 0.493 0.448 0.525 0.449 0.527 0.432 0.545
2006 0.487 0.452 0.525 0.480 0.493 0.449 0.525 0.450 0.527 0.432 0.545
2007 0.485 0.450 0.523 0.479 0.491 0.447 0.523 0.448 0.525 0.431 0.542
2008 0.483 0.448 0.522 0.477 0.490 0.446 0.521 0.446 0.523 0.429 0.540
2009 0.485 0.450 0.523 0.479 0.491 0.447 0.522 0.448 0.525 0.430 0.542
2010 0.491 0.457 0.529 0.485 0.497 0.454 0.529 0.455 0.531 0.436 0.548
2011 0.504 0.472 0.542 0.498 0.511 0.467 0.542 0.469 0.545 0.450 0.561
2012 0.528 0.495 0.566 0.521 0.535 0.491 0.565 0.492 0.568 0.474 0.584
2013 0.561 0.528 0.599 0.554 0.568 0.523 0.599 0.525 0.601 0.505 0.619
2014 0.597 0.564 0.635 0.590 0.604 0.550 0.644 0.561 0.638 0.535 0.661
2015 0.628 0.594 0.666 0.621 0.635 0.560 0.696 0.592 0.669 0.549 0.710
2016 0.646 0.612 0.684 0.639 0.653 0.542 0.751 0.610 0.687 0.534 0.760
