storm.id  storm.name  n.obs  storm.duration  storm.pdi  max.wind  storm.year
CP011972  JUNE  17  367200  2264802927.28518  50  1972
CP011982  AKONI  14  302400  2065929630.14815  45  1982
CP011987  OKA  16  345600  3330852024.69259  50  1987
CP011990  AKA  32  691200  6412101519.33704  55  1990
CP011992  EKEKA  54  1166400  33230220778.737  100  1992
CP011993  KEONI  83  1792800  97642377656.6407  115  1993
CP011994  UNNAMED  21  453600  1433284631.30741  30  1994
CP011997  UNNAMED  6  129600  275702352.777778  25  1997
CP011998  UNNAMED  13  280800  731162639.566667  30  1998
CP012001  UNNAMED  7  151200  355104630.377778  30  2001
CP012002  ALIKA  27  583200  4038488063.48889  55  2002
CP012003  UNNAMED  25  540000  1282567345.12222  30  2003
CP012004  UNNAMED  9  194400  279010781.011111  25  2004
CP012005  ONE  10  216000  369808755.859259  25  2005
CP012006  IOKE  83  1792800  308698042755.085  140  2006
CP012009  MAKA  37  799200  2783858556.78148  45  2009
CP012013  PEWA  42  907200  9201841726.31111  65  2013
CP012014  WALI  9  194400  925257095.922222  40  2014
CP021972  RUBY  37  799200  37425675381.7407  110  1972
CP021982  EMA  14  302400  1964471164.32593  40  1982
CP021987  PEKE  25  540000  35540606495.0148  90  1987
CP021992  HALI  11  237600  1225956462.01852  45  1992
CP021994  MELE  15  324000  1464163294.81852  35  1994
CP021997  OLIWA  81  1749600  141592273514.515  140  1997
CP022001  UNNAMED  12  259200  865705387.722222  35  2001
CP022002  ELE  21  453600  18205545361.7593  110  2002
CP022006  TWO  38  820800  1487322292.45185  30  2006
CP022009  TWO  28  604800  1112367092.67407  30  2009
CP022013  UNALA  29  626400  1691342033.50741  35  2013
CP022014  ANA  54  1166400  26445002075.3074  75  2014
CP031982  HANA  14  302400  1593927202.19259  40  1982
CP031992  UNNAMED  5  108000  363559502.52963  30  1992
CP031994  NONA  21  453600  1546874000.65185  35  1994
CP031997  UNNAMED  10  216000  459503921.296296  25  1997
CP032002  HUKO  43  928800  24788214736.6815  75  2002
CP032006  THREE  10  216000  323858363.72963  30  2006
CP032009  NEKI  34  734400  29971786572.0407  110  2009
CP032013  THREE  48  1036800  2191282299.87778  30  2013
CP041982  IWA  23  496800  14475843933.3815  80  1982
CP041997  UNNAMED  8  172800  412083116.618518  30  1997
CP042006  FOUR  37  799200  1598706042.97407  30  2006
CP051997  PAKA  96  2073600  244301692812.074  160  1997
EP011972  ANNETTE  31  669600  12175383501.8037  75  1972
EP011982  ALETTA  39  842400  6486724956.15555  55  1982
EP011983  ADOLPH  31  669600  24702195602.6148  95  1983
EP011986  AGATHA  31  669600  6301452975.08889  65  1986
EP011987  ADRIAN  8  172800  794757982.274074  40  1987
EP011990  ALMA  24  518400  8654113052.12592  75  1990
EP011991  ANDRES  16  345600  3984818005.48148  55  1991
EP011992  AGATHA  18  388800  5221067355.33704  60  1992
EP011993  ADRIAN  34  734400  11010449160.5333  75  1993
EP011994  ALETTA  21  453600  2369937424.47778  45  1994
EP011995  UNNAMED  8  172800  545890658.5  30  1995
EP011997  ANDRES  25  540000  3560603985.34074  45  1997
EP011998  AGATHA  22  475200  3916443821.99259  55  1998
EP012001  ADOLPH  29  626400  55471313378.8889  125  2001
EP012002  ALMA  32  691200  24225046730.7407  100  2002
EP012003  ANDRES  28  604800  5945980741.57407  50  2003
EP012004  AGATHA  17  367200  1821841147.15556  50  2004
EP012005  ADRIAN  14  302400  4606802513.34815  70  2005
EP012006  ALETTA  16  345600  1758613407.58518  40  2006
EP012009  ONE  8  172800  501410678.918518  30  2009
EP012012  ALETTA  26  561600  2908843623.37407  45  2012
EP012013  ALVIN  15  324000  1699796905.65926  50  2013
EP012014  AMANDA  30  648000  58234586159.9963  135  2014
EP012015  ANDRES  40  864000  55834872881.4185  125  2015
EP012016  ONE  9  194400  580812956.518518  30  2016
EP021972  BONNY  14  302400  1646126847.65185  45  1972
EP021982  BUD  9  194400  1795373721.28889  45  1982
EP021983  BARBARA  38  820800  44974773403.9333  115  1983
EP021986  BLAS  7  151200  582283369.066666  35  1986
EP021987  BEATRIZ  15  324000  1929916469.44444  45  1987
EP021990  BORIS  24  518400  10692840050.1333  80  1990
EP021991  BLANCA  30  648000  5264444525.50741  55  1991
EP021992  UNNAMED  8  172800  545890658.5  30  1992
EP021993  BEATRIZ  8  172800  1690606827.23333  55  1993
EP021994  BUD  11  237600  1028185974.29259  40  1994
EP021995  ADOLPH  24  518400  28643636437.9259  115  1995
EP021997  BLANCA  11  237600  1461957675.9963  40  1997
EP021998  UNNAMED  10  216000  727119005.059259  30  1998
EP022001  BARBARA  26  561600  2827970933.22593  50  2001
EP022002  BORIS  15  324000  2296416797.07037  50  2002
EP022003  BLANCA  31  669600  3581557364.15185  50  2003
EP022004  UNNAMED  11  237600  493691013.040741  30  2004
EP022005  BEATRIZ  19  410400  1682887161.35556  45  2005
EP022006  TWO  7  151200  422008401.318518  30  2006
EP022009  ANDRES  13  280800  5815481627.92593  70  2009
EP022012  BUD  25  540000  18916122225.6518  100  2012
EP022013  BARBARA  10  216000  2574692371.80741  65  2013
EP022014  BORIS  14  302400  978927153.929629  40  2014
EP022015  BLANCA  36  777600  58471322580.2481  125  2015
EP022016  AGATHA  29  626400  2673210012.53333  45  2016
EP031972  CELESTE  65  1404000  90331486467.2481  115  1972
EP031982  CARLOTTA  19  410400  3335998468.61111  50  1982
EP031983  COSME  15  324000  1143613359.32222  35  1983
EP031986  CELIA  25  540000  9876025879.63704  75  1986
EP031987  CALVIN  19  410400  3732274650.33704  55  1987
EP031990  CRISTINA  32  691200  5968404532.93333  55  1990
EP031991  CARLOS  45  972000  54037661144.4444  105  1991
EP031992  BLAS  6  129600  583018575.340741  35  1992
EP031993  UNNAMED  21  453600  1310505183.53704  30  1993
EP031994  CARLOTTA  29  626400  24739323519.4556  90  1994
EP031995  BARBARA  42  907200  90695781176.0518  120  1995
EP031997  CARLOS  10  216000  693667119.588889  30  1997
EP031998  BLAS  36  777600  53896501539.8222  120  1998
EP032001  COSME  9  194400  971942694.325926  40  2001
EP032002  UNNAMED  8  172800  568314449.859259  30  2002
EP032003  CARLOS  12  259200  1585839933.17778  55  2003
EP032004  BLAS  28  604800  2889360657.11111  55  2004
EP032005  CALVIN  30  648000  2134303813.63704  45  2005
EP032006  BUD  27  583200  22845064554.3037  110  2006
EP032009  BLANCA  25  540000  2422137069.93704  45  2009
EP032012  CARLOTTA  15  324000  7804214599.2963  90  2012
EP032013  COSME  30  648000  9100015657.35185  75  2013
EP032014  CRISTINA  41  885600  35978789434.363  130  2014
EP032015  CARLOS  31  669600  18033874696.763  80  2015
EP032016  BLAS  37  799200  55368384500.5185  120  2016
EP041972  DIANA  37  799200  35400182096.6667  95  1972
EP041982  DANIEL  64  1382400  45987520046.4704  100  1982
EP041983  DALILIA  26  561600  5607050649.22592  60  1983
EP041986  DARBY  17  367200  1289184201.58889  35  1986
EP041987  DORA  21  453600  3220571083.58148  50  1987
EP041990  DOUGLAS  20  432000  5169970519.28889  55  1990
EP041991  DELORES  26  561600  10783270421.8444  75  1991
EP041992  CELIA  50  1080000  77081231392.7481  125  1992
EP041993  CALVIN  19  410400  17815886036.5  95  1993
EP041994  DANIEL  26  561600  8169612117.51111  55  1994
EP041995  COSME  21  453600  6570538471.4  65  1995
EP041997  UNNAMED  12  259200  1574076632.79259  45  1997
EP041998  CELIA  17  367200  2962513681.38148  50  1998
EP042001  ERICK  14  302400  1404979189.75556  35  2001
EP042002  CRISTINA  30  648000  4288090593.53704  55  2002
EP042003  DOLORES  11  237600  698813563.507407  35  2003
EP042004  CELIA  30  648000  8871366506.11481  75  2004
EP042005  DORA  12  259200  1198386226.74074  40  2005
EP042006  CARLOTTA  33  712800  12004815646.2185  75  2006
EP042009  CARLOS  27  583200  18434194512.9963  90  2009
EP042012  DANIEL  41  885600  26053137131.2259  100  2012
EP042013  DALILA  41  885600  9883377942.37778  70  2013
EP042014  DOUGLAS  42  907200  4310514384.89629  45  2014
EP042015  ELA  21  453600  1865953523.6  40  2015
EP042016  CELIA  63  1360800  23182891837.2407  85  2016
EP051972  ESTELLE  31  669600  12233832400.5926  70  1972
EP051982  EMILIA  14  302400  3368347544.67037  55  1982
EP051983  ERICK  19  410400  4202439062.60741  55  1983
EP051986  ESTELLE  40  864000  59535533661.9704  115  1986
EP051987  EUGENE  19  410400  9896244052.17407  85  1987
EP051990  ELIDA  26  561600  9856910516.51111  70  1990
EP051991  UNNAMED  7  151200  422008401.318518  30  1991
EP051992  DARBY  31  669600  28333011787.1296  105  1992
EP051993  DORA  26  561600  38099491931.9296  115  1993
EP051994  EMILIA  37  799200  117267973936.774  140  1994
EP051995  DALILA  36  777600  6196318477.8963  55  1995
EP051997  UNNAMED  19  410400  1318960055.68889  30  1997
EP051998  DARBY  37  799200  47702021077.6111  100  1998
EP052001  DALILA  31  669600  12603641156.4519  65  2001
EP052002  DOUGLAS  27  583200  20621065575.2296  90  2002
EP052003  ENRIQUE  23  496800  3817558578.12963  55  2003
EP052004  DARBY  24  518400  21834891133.7259  105  2004
EP052005  EUGENE  15  324000  2610717479.23704  60  2005
EP052006  DANIEL  48  1036800  93011680939.3852  130  2006
EP052009  DOLORES  25  540000  2243114342.2  50  2009
EP052012  EMILIA  44  950400  50824074520.4667  120  2012
EP052013  ERICK  22  475200  9413948736.38148  70  2013
EP052014  ELIDA  11  237600  1849043779.2963  45  2014
EP052015  DOLORES  45  972000  36695983154.7222  115  2015
EP052016  DARBY  61  1317600  50027478522.5074  105  2016
EP061972  FERNANDA  49  1058400  38128164976.6185  100  1972
EP061982  FABIO  32  691200  11090954247.5444  70  1982
EP061983  FLOSSIE  19  410400  2316634969.60741  50  1983
EP061986  FRANK  38  820800  13511253301.7963  75  1986
EP061987  FERNANDA  30  648000  5129534174.21481  55  1987
EP061990  UNNAMED  17  367200  1249483062.78889  30  1990
EP061991  ENRIQUE  26  561600  5961052470.19259  65  1991
EP061992  ESTELLE  34  734400  54137281594.5815  120  1992
EP061993  EUGENE  38  820800  54455258308.1185  110  1993
EP061994  FABIO  21  453600  1561578126.13333  40  1994
EP061995  ERICK  26  561600  3772343392.27407  55  1995
EP061997  DOLORES  30  648000  17106411982.0185  80  1997
EP061998  ESTELLE  41  885600  37951715470.8407  115  1998
EP062001  UNNAMED  7  151200  488912172.259259  30  2001
EP062002  ELIDA  35  756000  55520939802.3889  140  2002
EP062003  FELICIA  28  604800  2507053394.59259  45  2003
EP062004  UNNAMED  4  86400  183801568.518519  25  2004
EP062005  FERNANDA  33  712800  17841250652.9556  75  2005
EP062006  EMILIA  41  885600  7069743531.4963  55  2006
EP062009  LANA  16  345600  3520902846.54074  55  2009
EP062012  FABIO  40  864000  24859162142.1296  95  2012
EP062013  FLOSSIE  23  496800  6339683701.34074  60  2013
EP062014  FAUSTO  13  280800  1184049704.3963  40  2014
EP062015  ENRIQUE  38  820800  3786312311.48148  45  2015
EP062016  ESTELLE  38  820800  12230523972.3593  60  2016
EP071972  GWEN  37  799200  38677364063.3518  110  1972
EP071982  GILMA  28  604800  25320504079.1111  110  1982
EP071983  GIL  51  1101600  22468271338.8407  80  1983
EP071986  GEORGETTE  8  172800  681903819.203704  35  1986
EP071987  GREG  28  604800  9417624767.75185  70  1987
EP071990  FAUSTO  28  604800  12885960365.6963  75  1990
EP071991  FEFA  40  864000  47254280456.7  105  1991
EP071992  FRANK  42  907200  76239420208.9333  125  1992
EP071993  FERNANDA  42  907200  81033700322.1704  125  1993
EP071994  GILMA  40  864000  77739976214.3185  140  1994
EP071995  FLOSSIE  27  583200  12302574187.2185  70  1995
EP071997  ENRIQUE  19  410400  18947000889.163  100  1997
EP071998  FRANK  15  324000  1466368913.64074  40  1998
EP072001  FLOSSIE  28  604800  20313749352.6667  90  2001
EP072002  UNNAMED  9  194400  614264841.988889  30  2002
EP072003  GUILLERMO  24  518400  4145460576.36667  50  2003
EP072004  ESTELLE  27  583200  4768915496.78148  60  2004
EP072005  GREG  19  410400  2643066555.2963  45  2005
EP072006  FABIO  21  453600  2256348055.13333  45  2006
EP072009  ENRIQUE  20  432000  3851010463.6  55  2009
EP072012  GILMA  33  712800  9293007304.2963  70  2012
EP072013  GIL  32  691200  12756931664.5963  75  2013
EP072014  GENEVIEVE  87  1879200  85103802255.4444  140  2014
EP072015  FELICIA  22  475200  1158685087.94074  35  2015
EP072016  FRANK  39  842400  14417027431.4556  75  2016
EP081972  HYACINTH  41  885600  42727247824.0889  110  1972
EP081982  HECTOR  22  475200  7535864309.25926  65  1982
EP081983  HENRIETTE  42  907200  61715787867.737  115  1983
EP081986  HOWARD  9  194400  871954641.051852  35  1986
EP081987  HILARY  35  756000  43194839014.4  105  1987
EP081990  GENEVIEVE  35  756000  26081074969.6407  90  1990
EP081991  GUILLERMO  28  604800  11251964421.5667  70  1991
EP081992  GEORGETTE  48  1036800  50702397882.1074  95  1992
EP081993  GREG  56  1209600  84443587021.3259  115  1993
EP081994  LI  70  1512000  11090954247.5444  65  1994
EP081995  GIL  28  604800  7723341909.14815  55  1995
EP081997  FELICIA  33  712800  46599211666.5  115  1997
EP081998  GEORGETTE  26  561600  27246744517.1852  100  1998
EP082001  GIL  23  496800  15879352710.5889  85  2001
EP082002  FAUSTO  51  1101600  50449486923.8259  125  2002
EP082003  HILDA  18  388800  1588780758.27407  35  2003
EP082004  FRANK  18  388800  7439184684.21852  75  2004
EP082005  HILARY  34  734400  22224918062.1222  90  2005
EP082006  GILMA  17  367200  1076709588.38148  35  2006
EP082009  FELICIA  33  712800  57850073278.6555  125  2009
EP082012  HECTOR  36  777600  3462821550.88889  45  2012
EP082013  HENRIETTE  41  885600  25243307420.3333  90  2013
EP082014  HERNAN  22  475200  5435012381.09259  65  2014
EP082015  EIGHT  16  345600  1103177014.24815  30  2015
EP082016  GEORGETTE  37  799200  28199204245.2481  115  2016
EP091972  IVA  33  712800  4121198769.32222  45  1972
EP091982  IVA  30  648000  2167388095.97037  35  1982
EP091983  ISMAEL  24  518400  14276970636.2444  85  1983
EP091986  ISIS  18  388800  2973174172.35556  45  1986
EP091987  IRWIN  23  496800  7617839808.81852  55  1987
EP091990  HERNAN  47  1015200  97233602968.2556  135  1990
EP091991  HILDA  26  561600  4990580188.41481  55  1991
EP091992  HOWARD  19  410400  4379256171.52222  55  1992
EP091993  HILARY  41  885600  35377390702.1704  105  1993
EP091994  HECTOR  12  259200  2513670251.05926  55  1994
EP091995  HENRIETTE  29  626400  17064505224.3963  85  1995
EP091997  GUILLERMO  99  2138400  132334923714.511  140  1997
EP091998  HOWARD  40  864000  90602777582.3815  130  1998
EP092001  HENRIETTE  17  367200  3831159894.2  55  2001
EP092002  GENEVIEVE  26  561600  6398132600.12963  60  2002
EP092003  IGNACIO  22  475200  14807789566.1259  90  2003
EP092004  UNNAMED  19  410400  905774129.659259  30  2004
EP092005  IRWIN  34  734400  2332074301.36296  45  2005
EP092006  HECTOR  35  756000  26464117438.4333  95  2006
EP092009  NINE  25  540000  1583634314.35556  30  2009
EP092012  ILEANA  47  1015200  13545807996.6778  75  2012
EP092013  IVO  31  669600  2290535146.87778  40  2013
EP092014  ISELLE  45  972000  64444505953.963  120  2014
EP092015  GUILLERMO  50  1080000  32209754470.3222  95  2015
EP092016  HOWARD  29  626400  3930045138.06296  50  2016
EP101972  JOANNE  29  626400  24401496236.5185  85  1972
EP101982  JOHN  35  756000  33429461679.0111  100  1982
EP101983  JULIETTE  31  669600  3882624333.38518  50  1983
EP101986  JAVIER  44  950400  68614595940.5111  115  1986
EP101987  JOVA  34  734400  20059367981.837  90  1987
EP101990  ISELLE  41  885600  57330282442.8852  105  1990
EP101991  UNNAMED  7  151200  455460286.788889  30  1991
EP101992  ISIS  21  453600  4940953764.91481  55  1992
EP101993  IRWIN  6  129600  1677373114.3  60  1993
EP101994  JOHN  121  2613600  209216179000.711  150  1994
EP101995  ISMAEL  13  280800  6480843305.96296  70  1995
EP101997  HILDA  21  453600  2963248887.65555  45  1997
EP101998  ISIS  12  259200  4909339895.12963  65  1998
EP102001  IVO  19  410400  2571016340.43704  45  2001
EP102002  HERNAN  31  669600  63997132936.1889  140  2002
EP102003  JIMENA  35  756000  21238271242.3148  90  2003
EP102004  GEORGETTE  33  712800  4507549666.34815  55  2004
EP102005  JOVA  53  1144800  67850716621.7481  110  2005
EP102006  ILEANA  32  691200  29875842153.2741  105  2006
EP102009  GUILLERMO  46  993600  31065038301.5889  110  2009
EP102012  JOHN  20  432000  1457546438.35185  40  2012
EP102013  JULIETTE  10  216000  1782507611.49259  55  2013
EP102014  JULIO  66  1425600  52462849305.3778  105  2014
EP102015  HILDA  36  777600  48219606294.5592  125  2015
EP102016  IVETTE  33  712800  5130636983.62593  50  2016
EP111972  KATHLEEN  7  151200  882247528.888889  40  1972
EP111982  KRISTY  34  734400  17915874089.7741  80  1982
EP111983  KIKO  36  777600  78625532171.4407  125  1983
EP111986  KAY  24  518400  2244584754.74815  40  1986
EP111987  KNUT  9  194400  812035329.714815  35  1987
EP111990  UNNAMED  10  216000  392232547.218518  25  1990
EP111991  IGNACIO  13  280800  2907373210.82593  55  1991
EP111992  JAVIER  50  1080000  13860476281.9815  70  1992
EP111993  JOVA  32  691200  38715227186.4667  115  1993
EP111994  ILEANA  18  388800  5570290335.52222  65  1994
EP111995  JULIETTE  41  885600  77316497400.4518  130  1995
EP111997  IGNACIO  14  302400  916802223.77037  35  1997
EP111998  JAVIER  33  712800  3429002062.28148  50  1998
EP112001  JULIETTE  48  1036800  72739838344.3407  125  2001
EP112002  UNNAMED  18  388800  1038846465.26667  30  2002
EP112003  KEVIN  28  604800  1328150134.11481  35  2003
EP112004  HOWARD  44  950400  33974984734.3741  120  2004
EP112005  KENNETH  65  1404000  68931837447.7741  115  2005
EP112006  JOHN  31  669600  51047577227.7852  115  2006
EP112009  HILDA  42  907200  6142648419.88889  55  2009
EP112012  KRISTY  33  712800  4941321368.05185  50  2012
EP112013  KIKO  23  496800  4076718789.74074  65  2013
EP112014  KARINA  63  1360800  20803396731.2  75  2014
EP112015  ELEVEN  17  367200  900627685.740741  30  2015
EP112016  JAVIER  16  345600  2623951192.17037  55  2016
EP121972  LIZA  9  194400  1301682708.24815  45  1972
EP121982  LANE  26  561600  4754578974.43704  55  1982
EP121983  LORENA  34  734400  37209524737.163  100  1983
EP121986  LESTER  14  302400  2095337881.11111  45  1986
EP121987  LIDIA  21  453600  9133099939.68518  75  1987
EP121990  UNNAMED  14  302400  888496782.218518  30  1990
EP121991  JIMENA  46  993600  99635521865.6555  115  1991
EP121992  UNNAMED  13  280800  742190733.677778  30  1992
EP121993  KENNETH  50  1080000  73491219156.4444  130  1993
EP121994  UNNAMED  15  324000  1090678507.58889  30  1994
EP121997  JIMENA  19  410400  36141270020.9333  115  1997
EP121998  UNNAMED  8  172800  601766335.329629  30  1998
EP122001  KIKO  17  367200  4906031466.8963  65  2001
EP122002  ISELLE  22  475200  4855669837.12222  60  2002
EP122003  LINDA  39  842400  5612197093.14444  65  2003
EP122004  ISIS  52  1123200  8737926567.37037  65  2004
EP122005  LIDIA  7  151200  675654565.874074  35  2005
EP122006  KRISTY  42  907200  8851148333.57778  70  2006
EP122009  IGNACIO  17  367200  2402654103.67407  45  2009
EP122012  LANE  20  432000  8234677872.76667  75  2012
EP122013  LORENA  19  410400  1908227884.35926  45  2013
EP122014  LOWELL  48  1036800  9571282879.03333  65  2014
EP122015  IGNACIO  50  1080000  66911490606.6185  125  2015
EP122016  KAY  38  820800  4176706843.01481  45  2016
EP131982  MIRIAM  32  691200  19417532904.5704  75  1982
EP131983  MANUEL  34  734400  32234016277.3667  100  1983
EP131986  MADELINE  28  604800  6453640673.82222  60  1986
EP131987  MAX  29  626400  68289267164.2333  135  1987
EP131990  JULIO  32  691200  31124222406.6518  100  1990
EP131991  KEVIN  70  1512000  152247250441.533  125  1991
EP131992  KAY  19  410400  2595278147.48148  45  1992
EP131993  LIDIA  24  518400  42192017656.563  130  1993
EP131994  KRISTY  30  648000  13373402125.4074  90  1994
EP131997  KEVIN  14  302400  2488673237.74074  50  1997
EP131998  KAY  17  367200  4057603426.61481  65  1998
EP132001  LORENA  12  259200  2004539906.26296  50  2001
EP132002  JULIO  7  151200  799904426.192592  40  2002
EP132003  MARTY  30  648000  12125021872.0296  85  2003
EP132004  JAVIER  38  820800  84967789094.7407  130  2004
EP132005  MAX  21  453600  7843548134.95926  70  2005
EP132006  LANE  16  345600  17539080874.3111  110  2006
EP132009  JIMENA  35  756000  75544650279.9333  135  2009
EP132012  MIRIAM  44  950400  24098223648.463  105  2012
EP132013  MANUEL  26  561600  7266043606.67407  65  2013
EP132014  MARIE  46  993600  64834532882.3593  140  2014
EP132015  JIMENA  63  1360800  125572496405.578  135  2015
EP132016  LESTER  60  1296000  98380157152.6741  125  2016
EP141982  NORMAN  36  777600  25733690005.1407  90  1982
EP141983  NARDA  41  885600  8460018595.77037  60  1983
EP141986  NEWTON  23  496800  11412606992.4519  75  1986
EP141987  NORMA  25  540000  5804453533.81481  65  1987
EP141990  KENNA  36  777600  18337882491.0926  75  1990
EP141991  LINDA  42  907200  24530524937.6185  105  1991
EP141992  LESTER  20  432000  6559510377.28889  70  1992
EP141993  UNNAMED  18  388800  1083326444.84815  30  1993
EP141994  LANE  28  604800  35170430136.0185  115  1994
EP141997  LINDA  34  734400  107066986883.996  160  1997
EP141998  LESTER  47  1015200  58497054799.8407  100  1998
EP142001  UNNAMED  5  108000  330107617.059259  30  2001
EP142002  KENNA  17  367200  49709869412.1074  145  2002
EP142003  NORA  31  669600  20025180890.0926  90  2003
EP142004  KAY  12  259200  806888885.796296  40  2004
EP142005  NORMA  33  712800  3687427067.61852  50  2005
EP142006  MIRIAM  22  475200  1757878201.31111  40  2006
EP142009  KEVIN  39  842400  2646007380.39259  45  2009
EP142012  NORMAN  9  194400  1068622319.36667  45  2012
EP142013  NARDA  24  518400  3289312870.20741  55  2013
EP142014  NORBERT  35  756000  27917620242.2778  110  2014
EP142015  KEVIN  23  496800  3326808390.18518  50  2015
EP142016  MADELINE  33  712800  31282291755.5778  115  2016
EP151982  OLIVIA  29  626400  47062391619.1667  125  1982
EP151983  OCTAVE  20  432000  2151213557.94074  45  1983
EP151986  ORLENE  17  367200  8357457320.53703  70  1986
EP151987  OTIS  28  604800  37966419596.3222  100  1987
EP151990  LOWELL  36  777600  11600452195.4778  65  1990
EP151991  MARTY  45  972000  14446803285.5556  70  1991
EP151992  MADELINE  15  324000  2469557874.61481  45  1992
EP151993  MAX  17  367200  1860807079.68148  40  1993
EP151994  MIRIAM  24  518400  2329501079.4037  40  1994
EP151997  MARTY  16  345600  1603117280.61852  40  1997
EP151998  MADELINE  17  367200  10779594390.4741  75  1998
EP152001  MANUEL  31  669600  4327791732.33704  50  2001
EP152002  LOWELL  34  734400  3762418107.57407  45  2002
EP152003  OLAF  20  432000  6202567731.22593  65  2003
EP152004  LESTER  8  172800  1059064637.8037  45  2004
EP152005  OTIS  31  669600  14530616800.8  90  2005
EP152006  NORMAN  28  604800  2421769466.8  45  2006
EP152009  LINDA  37  799200  9783389889.1037  70  2009
EP152012  OLIVIA  17  367200  3088969160.52222  50  2012
EP152013  OCTAVE  14  302400  3254390572.18889  55  2013
EP152014  ODILE  35  756000  37636679582.4  120  2014
EP152015  LINDA  41  885600  27268433102.2704  110  2015
EP152016  NEWTON  17  367200  8777627706.17037  80  2016
EP161982  PAUL  47  1015200  23117826081.9852  95  1982
EP161983  PRISCILLA  26  561600  24268791504.0481  100  1983
EP161986  PAINE  20  432000  10695045668.9556  85  1986
EP161987  PILAR  5  108000  443696986.403704  35  1987
EP161990  MARIE  55  1188000  94628767139.2111  120  1990
EP161991  NORA  24  518400  16019777108.937  90  1991
EP161992  NEWTON  18  388800  2865098850.06667  45  1992
EP161993  NORMA  16  345600  1891685743.19259  45  1993
EP161994  NORMAN  12  259200  1085899666.80741  35  1994
EP161997  NORA  41  885600  60130683140.8333  115  1997
EP162001  NARDA  20  432000  7906040668.25555  75  2001
EP162002  UNNAMED  10  216000  637791442.759259  30  2002
EP162003  PATRICIA  25  540000  7421907336.77778  70  2003
EP162004  UNNAMED  7  151200  488912172.259259  30  2004
EP162005  SIXTEEN  26  561600  1740968457.00741  30  2005
EP162006  OLIVIA  21  453600  1652008497.84444  40  2006
EP162009  MARTY  30  648000  2387214771.91852  40  2009
EP162012  PAUL  19  410400  17576943997.4259  105  2012
EP162013  PRISCILLA  21  453600  1692444842.91852  40  2013
EP162014  SIXTEEN  25  540000  1884701283.58889  30  2014
EP162015  SIXTEEN  4  86400  317609110.4  30  2015
EP162016  ORLENE  28  604800  22437392675.3296  95  2016
EP171982  ROSA  25  540000  2820618870.48518  45  1982
EP171983  RAYMOND  51  1101600  85374725767.4407  125  1983
EP171986  ROSLYN  28  604800  59023830095.2148  125  1986
EP171987  RAMON  27  583200  55034968455.2259  120  1987
EP171990  NORBERT  39  842400  13325246114.4556  70  1990
EP171992  ORLENE  49  1058400  98239365151.1889  125  1992
EP171993  UNNAMED  10  216000  637791442.759259  30  1993
EP171994  OLIVIA  31  669600  48521040866.9296  130  1994
EP171997  OLAF  66  1425600  7452786000.28889  60  1997
EP172001  OCTAVE  16  345600  7028939583.28518  75  2001
EP172006  PAUL  21  453600  12051133641.4852  90  2006
EP172009  NORA  31  669600  2787166985.01481  50  2009
EP172012  ROSA  27  583200  4067161108.17778  45  2012
EP172013  RAYMOND  50  1080000  39704447228.2333  110  2013
EP172014  POLO  44  950400  10591013981.1741  65  2014
EP172015  MARTY  18  388800  6930789545.6963  70  2015
EP172016  PAINE  15  324000  7192522979.26666  80  2016
EP181982  SERGIO  40  864000  58956191118  110  1982
EP181983  SONIA  21  453600  2155257192.44815  40  1983
EP181987  SELMA  18  388800  1519671368.51111  35  1987
EP181990  UNNAMED  13  280800  731162639.566667  30  1990
EP181992  INIKI  33  712800  46813524295.3926  125  1992
EP181994  PAUL  23  496800  2142758685.78889  40  1994
EP181997  PAULINE  20  432000  32460092206.6444  115  1997
EP182006  EIGHTEEN  11  237600  493691013.040741  30  2006
EP182009  OLAF  13  280800  1398362333.28889  40  2009
EP182013  SONIA  13  280800  1418580505.82593  40  2013
EP182014  RACHEL  37  799200  12335290866.4148  75  2014
EP182015  NORA  27  583200  6147794863.80741  60  2015
EP182016  ROSLYN  22  475200  2580574022  45  2016
EP191982  TARA  27  583200  3750287204.05185  45  1982
EP191983  TICO  34  734400  55460285284.7778  115  1983
EP191990  ODILE  35  756000  56011689990.3333  125  1990
EP191992  PAINE  23  496800  9381599660.32222  65  1992
EP191994  ROSA  27  583200  14460772204.763  90  1994
EP191997  RICK  16  345600  7526674230.83333  85  1997
EP192006  ROSA  11  237600  913126192.4  35  2006
EP192009  PATRICIA  16  345600  2688281741.15185  50  2009
EP192014  SIMON  35  756000  23013794394.2037  115  2014
EP192015  OLAF  55  1188000  106885390934.3  130  2015
EP192016  ULIKA  31  669600  6081258696.0037  65  2016
EP201983  VELMA  7  151200  573093290.640741  35  1983
EP201990  POLO  13  280800  3572367285.72593  65  1990
EP201992  ROSLYN  70  1512000  28646944866.1593  85  1992
EP202006  TWENTY  3  64800  238206832.8  30  2006
EP202009  RICK  25  540000  76088335319.6111  155  2009
EP202014  TRUDY  8  172800  1200591845.56296  50  2014
EP202015  PATRICIA  18  388800  76680176370.2407  185  2015
EP202016  SEYMOUR  33  712800  44729582111.5296  130  2016
EP211983  WINNIE  13  280800  7094372941.67778  80  1983
EP211990  RACHEL  25  540000  4453144402.06667  55  1990
EP211992  SEYMOUR  40  864000  17768465231.8222  75  1992
EP212006  SERGIO  29  626400  17023701276.1852  95  2006
EP212014  VANCE  27  583200  21117329810.2296  95  2014
EP212015  RICK  33  712800  2519551901.25185  35  2015
EP212016  TINA  22  475200  1130747249.52593  35  2016
EP221990  SIMON  24  518400  6221683094.35185  60  1990
EP221992  TINA  98  2116800  133932526948.074  130  1992
EP222015  SANDRA  25  540000  37636311979.263  130  2015
EP222016  OTTO  36  777600  17968073735.2333  100  2016
EP231990  TRUDY  67  1447200  136663450653.122  135  1990
EP231992  VIRGIL  19  410400  22421218137.3  115  1992
EP241990  VANCE  41  885600  20757078735.9333  85  1990
EP241992  WINIFRED  16  345600  14745664635.9667  100  1992
EP251992  XAVIER  6  129600  645143505.5  40  1992
EP261992  YOLANDA  28  604800  6390412934.25185  55  1992
EP271992  ZEKE  22  475200  2646374983.52963  45  1992
