  .1966422603E+04   .1966434932E+04  .2520E+03  .9002E+09  .3462E+11  .2370E+04  .1100E+03  .9002E+09  .5643E+02 -.8400E+02  .1270E+02 -.7050E+02  .4200E+02  .1543E+03  .3714E+02  .1510E+00  .3750E+04  .2804E+06  .2758E+02  .2567E-01
  .1966497945E+04   .1966500000E+04  .5400E+02  .1210E+09  .3413E+10  .4150E+03  .6500E+02  .1021E+10  .4611E+02 -.5780E+02  .3240E+02 -.5850E+02  .4550E+02  .1818E+03  .1509E+02  .3145E+00  .2353E+04  .1290E+06  .2758E+02  .2567E-01
  .1966530137E+04   .1966550000E+04  .2160E+03  .3062E+09  .7838E+10  .1275E+04  .7000E+02  .1327E+10  .3542E+02 -.5950E+02  .1910E+02 -.5700E+02  .5200E+02  .1935E+03  .5068E+02  .2413E+00  .1488E+04  .7405E+05  .2758E+02  .2567E-01
  .1966555479E+04   .1966569863E+04  .2220E+03  .6790E+09  .2134E+11  .2030E+04  .7500E+02  .2006E+10  .5486E+02 -.4100E+02  .3100E+02 -.3850E+02  .5350E+02  .2028E+03  .2576E+02  .1193E+00  .3211E+04  .1961E+06  .2758E+02  .2567E-01
  .1966554795E+04   .1966562329E+04  .1560E+03  .2209E+09  .4645E+10  .9800E+03  .4500E+02  .2227E+10  .3769E+02 -.3500E+02  .1000E+02 -.6840E+02  .2430E+02  .2025E+03  .3523E+02  .2349E+00  .1487E+04  .6077E+05  .2758E+02  .2567E-01
  .1966635616E+04   .1966656164E+04  .4140E+03  .2651E+10  .1205E+12  .5450E+04  .1100E+03  .4878E+10  .7899E+02 -.2050E+02  .1290E+02  .7000E+01  .6290E+02  .2320E+03  .1209E+03  .2962E+00  .6722E+04  .5942E+06  .2758E+02  .2567E-01
  .1966667123E+04   .1966676027E+04  .1560E+03  .1617E+09  .2944E+10  .8400E+03  .5000E+02  .5040E+10  .3231E+02 -.4840E+02  .1370E+02 -.7170E+02  .2800E+02  .2435E+03  .2678E+02  .1785E+00  .1088E+04  .3851E+05  .2758E+02  .2567E-01
  .1966719178E+04   .1966720548E+04  .4200E+02  .5330E+08  .1098E+10  .2450E+03  .4500E+02  .5094E+10  .3500E+02 -.9540E+02  .2150E+02 -.9670E+02  .2000E+02  .2625E+03  .2167E+01  .6019E-01  .1332E+04  .5338E+05  .2758E+02  .2567E-01
  .1966721918E+04   .1966741781E+04  .4860E+03  .3189E+10  .1633E+12  .6175E+04  .1300E+03  .8283E+10  .7623E+02 -.3510E+02  .9900E+01 -.1006E+03  .2150E+02  .2635E+03  .7157E+02  .1491E+00  .6889E+04  .6857E+06  .2758E+02  .2567E-01
  .1966736986E+04   .1966743836E+04  .9000E+02  .9974E+08  .1869E+10  .5000E+03  .4500E+02  .8383E+10  .3333E+02 -.4320E+02  .1080E+02 -.6340E+02  .1380E+02  .2690E+03  .1998E+02  .2379E+00  .1163E+04  .4238E+05  .2758E+02  .2567E-01
  .1966842466E+04   .1966852055E+04  .2340E+03  .6724E+09  .2118E+11  .2040E+04  .7000E+02  .9055E+10  .5231E+02 -.5000E+02  .2650E+02 -.1430E+02  .4120E+02  .3075E+03  .5210E+02  .2285E+00  .3017E+04  .1847E+06  .2758E+02  .2567E-01
  .1969562329E+04   .1969574658E+04  .2760E+03  .4452E+09  .1022E+11  .1840E+04  .6000E+02  .9500E+10  .4000E+02 -.2700E+02  .9200E+01 -.3200E+02  .4550E+02  .2053E+03  .9022E+02  .3342E+00  .1693E+04  .7558E+05  .2788E+02  .3245E+00
  .1969608219E+04   .1969610274E+04  .6000E+02  .1819E+09  .6004E+10  .5350E+03  .7500E+02  .9682E+10  .5350E+02 -.7170E+02  .2810E+02 -.4300E+02  .4800E+02  .2220E+03  .3174E+02  .5878E+00  .3183E+04  .2042E+06  .2788E+02  .3245E+00
  .1969618493E+04   .1969626712E+04  .1920E+03  .1381E+10  .8822E+11  .2370E+04  .1650E+03  .1106E+11  .7406E+02 -.8200E+02  .1940E+02 -.5400E+02  .4300E+02  .2258E+03  .4922E+02  .2646E+00  .7548E+04  .9377E+06  .2788E+02  .3245E+00
  .1969617808E+04   .1969634247E+04  .2700E+03  .1684E+10  .7730E+11  .3475E+04  .1050E+03  .1275E+11  .7722E+02 -.3550E+02  .1300E+02 -.3780E+02  .6090E+02  .2255E+03  .7217E+02  .2734E+00  .6547E+04  .5843E+06  .2788E+02  .3245E+00
  .1969646575E+04   .1969649315E+04  .7200E+02  .9016E+08  .1802E+10  .4250E+03  .5000E+02  .1284E+11  .3542E+02 -.7850E+02  .2950E+02 -.6750E+02  .3280E+02  .2360E+03  .1019E+02  .1544E+00  .1315E+04  .5107E+05  .2788E+02  .3245E+00
  .1969657534E+04   .1969670548E+04  .1620E+03  .6130E+09  .2311E+11  .1600E+04  .1000E+03  .1345E+11  .5926E+02 -.6200E+02  .1150E+02 -.8970E+02  .1620E+02  .2400E+03  .2782E+02  .1783E+00  .3972E+04  .2911E+06  .2788E+02  .3245E+00
  .1969679452E+04   .1969689041E+04  .1140E+03  .3728E+09  .1601E+11  .9550E+03  .1100E+03  .1382E+11  .5026E+02 -.7700E+02  .2450E+02 -.6500E+02  .5300E+02  .2480E+03  .3398E+02  .3147E+00  .3433E+04  .2865E+06  .2788E+02  .3245E+00
  .1969702740E+04   .1969706164E+04  .1620E+03  .3619E+09  .1078E+11  .1215E+04  .7500E+02  .1418E+11  .4500E+02 -.4740E+02  .1190E+02 -.6590E+02  .1480E+02  .2565E+03  .2051E+02  .1315E+00  .2345E+04  .1358E+06  .2788E+02  .3245E+00
  .1969719178E+04   .1969760959E+04  .5940E+03  .1938E+10  .7132E+11  .5305E+04  .1000E+03  .1612E+11  .5359E+02 -.4700E+02  .1600E+02 -.6160E+02  .2610E+02  .2625E+03  .6071E+02  .1033E+00  .3425E+04  .2450E+06  .2788E+02  .3245E+00
  .1969721918E+04   .1969730137E+04  .1140E+03  .3321E+09  .9932E+10  .1030E+04  .6500E+02  .1645E+11  .5421E+02 -.7100E+02  .3400E+02 -.5600E+02  .4450E+02  .2635E+03  .1609E+02  .1490E+00  .3058E+04  .1778E+06  .2788E+02  .3245E+00
  .1969730137E+04   .1969737671E+04  .1380E+03  .3458E+09  .9699E+10  .1150E+04  .6000E+02  .1680E+11  .5000E+02 -.3500E+02  .3650E+02 -.4100E+02  .4700E+02  .2665E+03  .1884E+02  .1427E+00  .2630E+04  .1434E+06  .2788E+02  .3245E+00
  .1969743836E+04   .1969745205E+04  .6000E+02  .1060E+09  .2498E+10  .4200E+03  .5000E+02  .1691E+11  .4200E+02 -.8550E+02  .2350E+02 -.8650E+02  .3100E+02  .2715E+03  .7711E+01  .1428E+00  .1855E+04  .8498E+05  .2788E+02  .3245E+00
  .1969749315E+04   .1969752740E+04  .1320E+03  .9388E+08  .1367E+10  .5950E+03  .4000E+02  .1700E+11  .2705E+02 -.8370E+02  .1900E+02 -.9280E+02  .2750E+02  .2735E+03  .2153E+02  .1709E+00  .7466E+03  .2113E+05  .2788E+02  .3245E+00
  .1969765753E+04   .1969794521E+04  .2880E+03  .8212E+09  .2656E+11  .2485E+04  .9000E+02  .1782E+11  .5177E+02 -.6800E+02  .2050E+02 -.2800E+02  .4580E+02  .2795E+03  .6795E+02  .2410E+00  .2993E+04  .1882E+06  .2788E+02  .3245E+00
  .1969791781E+04   .1969804110E+04  .2520E+03  .5736E+09  .1886E+11  .1850E+04  .9000E+02  .1840E+11  .4405E+02 -.8510E+02  .1730E+02 -.9310E+02  .1800E+02  .2890E+03  .2653E+02  .1078E+00  .2389E+04  .1527E+06  .2788E+02  .3245E+00
  .1969823288E+04   .1969828082E+04  .8400E+02  .2016E+09  .5530E+10  .6850E+03  .6000E+02  .1860E+11  .4893E+02 -.4250E+02  .3050E+02 -.3500E+02  .3800E+02  .3005E+03  .1652E+02  .2118E+00  .2520E+04  .1343E+06  .2788E+02  .3245E+00
  .1969828767E+04   .1969842466E+04  .1860E+03  .5701E+09  .1687E+11  .1750E+04  .6500E+02  .1917E+11  .5645E+02 -.5700E+02  .4250E+02 -.2500E+02  .4000E+02  .3025E+03  .4111E+02  .2284E+00  .3218E+04  .1851E+06  .2788E+02  .3245E+00
  .1969889041E+04   .1969891781E+04  .1020E+03  .3278E+09  .1070E+11  .9500E+03  .8000E+02  .1949E+11  .5588E+02 -.8100E+02  .1030E+02 -.8200E+02  .8500E+01  .3245E+03  .2466E+01  .2568E-01  .3374E+04  .2141E+06  .2788E+02  .3245E+00
  .1979464384E+04   .1979472603E+04  .1140E+03  .1045E+09  .1806E+10  .5750E+03  .5000E+02  .1960E+11  .3026E+02 -.4500E+02  .1000E+02 -.6620E+02  .1400E+02  .1695E+03  .2165E+02  .2005E+00  .9618E+03  .3234E+05  .2764E+02  .7766E-01
  .1979519178E+04   .1979523288E+04  .1740E+03  .1865E+09  .4402E+10  .8750E+03  .6500E+02  .1979E+11  .3017E+02 -.9600E+02  .2200E+02 -.7500E+02  .3300E+02  .1895E+03  .3260E+02  .1941E+00  .1125E+04  .5163E+05  .2764E+02  .7766E-01
  .1979535616E+04   .1979560274E+04  .3420E+03  .2479E+09  .3956E+10  .1505E+04  .4500E+02  .2003E+11  .2640E+02 -.4630E+02  .1250E+02 -.8020E+02  .3900E+02  .1955E+03  .7154E+02  .2129E+00  .7610E+03  .2361E+05  .2764E+02  .7766E-01
  .1979647945E+04   .1979662329E+04  .3300E+03  .2614E+10  .1534E+12  .4555E+04  .1500E+03  .2265E+11  .8282E+02 -.3610E+02  .1170E+02 -.5250E+02  .5250E+02  .2365E+03  .8310E+02  .2565E+00  .8315E+04  .9489E+06  .2764E+02  .7766E-01
  .1979660274E+04   .1979662329E+04  .7800E+02  .7702E+08  .1305E+10  .4150E+03  .3500E+02  .2272E+11  .3192E+02 -.8910E+02  .2550E+02 -.9580E+02  .2960E+02  .2410E+03  .8280E+01  .1150E+00  .1037E+04  .3414E+05  .2764E+02  .7766E-01
  .1979658219E+04   .1979697260E+04  .4080E+03  .1259E+10  .4802E+11  .3530E+04  .1150E+03  .2398E+11  .5191E+02 -.2550E+02  .1100E+02 -.6800E+02  .4800E+02  .2403E+03  .9194E+02  .2287E+00  .3238E+04  .2402E+06  .2764E+02  .7766E-01
  .1979675342E+04   .1979697945E+04  .2640E+03  .1048E+10  .3830E+11  .2715E+04  .8500E+02  .2503E+11  .6170E+02 -.2100E+02  .1550E+02 -.3200E+02  .4500E+02  .2465E+03  .5022E+02  .1946E+00  .4169E+04  .2960E+06  .2764E+02  .7766E-01
  .1979704110E+04   .1979710959E+04  .2340E+03  .3119E+09  .7783E+10  .1335E+04  .7500E+02  .2534E+11  .3423E+02 -.8680E+02  .2030E+02 -.8670E+02  .2640E+02  .2570E+03  .2263E+02  .9925E-01  .1399E+04  .6788E+05  .2764E+02  .7766E-01
  .1979809589E+04   .1979813014E+04  .5400E+02  .1063E+09  .2805E+10  .3900E+03  .6500E+02  .2545E+11  .4333E+02 -.6600E+02  .2900E+02 -.5500E+02  .5100E+02  .2955E+03  .2360E+02  .4916E+00  .2067E+04  .1060E+06  .2764E+02  .7766E-01
  .1980580601E+04   .1980600410E+04  .2760E+03  .3026E+10  .2022E+12  .4465E+04  .1650E+03  .2848E+11  .9707E+02 -.3000E+02  .1100E+02 -.1029E+03  .2890E+02  .2125E+03  .7318E+02  .2710E+00  .1151E+05  .1495E+07  .2773E+02  .1691E+00
  .1980617486E+04   .1980623634E+04  .1440E+03  .5205E+09  .1805E+11  .1425E+04  .8500E+02  .2900E+11  .5938E+02 -.3550E+02  .1270E+02 -.3600E+02  .5100E+02  .2260E+03  .3973E+02  .2879E+00  .3795E+04  .2558E+06  .2773E+02  .1691E+00
  .1980635246E+04   .1980642760E+04  .1320E+03  .3071E+09  .8861E+10  .1035E+04  .7000E+02  .2930E+11  .4705E+02 -.7300E+02  .3600E+02 -.4220E+02  .3850E+02  .2325E+03  .3301E+02  .2620E+00  .2442E+04  .1370E+06  .2773E+02  .1691E+00
  .1980676913E+04   .1980679645E+04  .7200E+02  .6187E+08  .1095E+10  .3450E+03  .5000E+02  .2936E+11  .2875E+02 -.9060E+02  .2830E+02 -.1000E+03  .2900E+02  .2478E+03  .8594E+01  .1302E+00  .9021E+03  .3103E+05  .2773E+02  .1691E+00
  .1980676230E+04   .1980686475E+04  .1620E+03  .4234E+09  .1227E+11  .1375E+04  .6500E+02  .2979E+11  .5093E+02 -.2400E+02  .1770E+02 -.2350E+02  .5150E+02  .2475E+03  .5086E+02  .3260E+00  .2744E+04  .1546E+06  .2773E+02  .1691E+00
  .1980680328E+04   .1980688525E+04  .3660E+03  .2152E+10  .9255E+11  .4655E+04  .1000E+03  .3194E+11  .7631E+02 -.1900E+02  .1250E+02 -.2900E+02  .5400E+02  .2490E+03  .7017E+02  .1949E+00  .6173E+04  .5161E+06  .2773E+02  .1691E+00
  .1980666667E+04   .1980685792E+04  .1920E+03  .2621E+09  .6565E+10  .1113E+04  .7000E+02  .3220E+11  .3478E+02 -.3800E+02  .1560E+02 -.4690E+02  .4800E+02  .2440E+03  .6088E+02  .3273E+00  .1433E+04  .6978E+05  .2773E+02  .1691E+00
  .1980719945E+04   .1980725410E+04  .1380E+03  .2761E+09  .7061E+10  .1020E+04  .6000E+02  .3248E+11  .4435E+02 -.7720E+02  .1460E+02 -.9600E+02  .1700E+02  .2635E+03  .1994E+02  .1510E+00  .2100E+04  .1044E+06  .2773E+02  .1691E+00
  .1980748634E+04   .1980764344E+04  .2700E+03  .1141E+10  .4719E+11  .2725E+04  .9000E+02  .3362E+11  .6056E+02 -.2000E+02  .3360E+02 -.2450E+02  .5250E+02  .2740E+03  .5645E+02  .2138E+00  .4436E+04  .3567E+06  .2773E+02  .1691E+00
  .1980851776E+04   .1980863388E+04  .2100E+03  .4670E+09  .1382E+11  .1570E+04  .8500E+02  .3409E+11  .4486E+02 -.8260E+02  .1360E+02 -.9310E+02  .2520E+02  .3118E+03  .2299E+02  .1127E+00  .2334E+04  .1343E+06  .2773E+02  .1691E+00
  .1980898907E+04   .1980902322E+04  .7800E+02  .3191E+09  .1100E+11  .8450E+03  .7500E+02  .3441E+11  .6500E+02 -.4600E+02  .3600E+02 -.3200E+02  .4500E+02  .3290E+03  .1694E+02  .2352E+00  .4294E+04  .2878E+06  .2773E+02  .1691E+00
  .1981344521E+04   .1981350000E+04  .6600E+02  .7645E+08  .1472E+10  .3750E+03  .5000E+02  .3448E+11  .3409E+02 -.8360E+02  .1840E+02 -.7100E+02  .2400E+02  .1258E+03  .1342E+02  .2237E+00  .1216E+04  .4551E+05  .2763E+02  .6621E-01
  .1981491781E+04   .1981493836E+04  .5400E+02  .1193E+09  .3259E+10  .4150E+03  .6000E+02  .3460E+11  .4611E+02 -.6500E+02  .3600E+02 -.7850E+02  .3850E+02  .1795E+03  .1153E+02  .2403E+00  .2319E+04  .1232E+06  .2763E+02  .6621E-01
  .1981585616E+04   .1981589041E+04  .7200E+02  .1127E+09  .2511E+10  .4750E+03  .5000E+02  .3471E+11  .3958E+02 -.6780E+02  .3610E+02 -.5040E+02  .4410E+02  .2138E+03  .1576E+02  .2388E+00  .1644E+04  .7118E+05  .2763E+02  .6621E-01
  .1981597945E+04   .1981635616E+04  .3600E+03  .4410E+09  .9599E+10  .2020E+04  .7000E+02  .3515E+11  .3367E+02 -.2570E+02  .1050E+02 -.5970E+02  .3780E+02  .2183E+03  .8507E+02  .2403E+00  .1286E+04  .5442E+05  .2763E+02  .6621E-01
  .1981664384E+04   .1981678767E+04  .2820E+03  .8900E+09  .2907E+11  .2605E+04  .8000E+02  .3604E+11  .5543E+02 -.7270E+02  .2980E+02 -.4100E+02  .4270E+02  .2425E+03  .3838E+02  .1391E+00  .3313E+04  .2103E+06  .2763E+02  .6621E-01
  .1981672603E+04   .1981682192E+04  .2220E+03  .8050E+09  .3253E+11  .2065E+04  .1000E+03  .3685E+11  .5581E+02 -.6030E+02  .1620E+02 -.3340E+02  .4060E+02  .2455E+03  .4965E+02  .2299E+00  .3807E+04  .2990E+06  .2763E+02  .6621E-01
  .1981682192E+04   .1981694521E+04  .2160E+03  .6161E+09  .2162E+11  .1810E+04  .9000E+02  .3747E+11  .5028E+02 -.5400E+02  .1480E+02 -.2820E+02  .4050E+02  .2490E+03  .6567E+02  .3127E+00  .2994E+04  .2042E+06  .2763E+02  .6621E-01
  .1981695205E+04   .1981704110E+04  .2040E+03  .9664E+09  .4245E+11  .2195E+04  .1150E+03  .3843E+11  .6456E+02 -.4900E+02  .1400E+02 -.3280E+02  .3670E+02  .2538E+03  .4882E+02  .2466E+00  .4973E+04  .4247E+06  .2763E+02  .6621E-01
  .1981721918E+04   .1981740411E+04  .2880E+03  .1360E+10  .5774E+11  .3155E+04  .1050E+03  .3979E+11  .6573E+02 -.3250E+02  .1350E+02 -.4000E+01  .4500E+02  .2635E+03  .7910E+02  .2805E+00  .4959E+04  .4091E+06  .2763E+02  .6621E-01
  .1981826027E+04   .1981831507E+04  .9000E+02  .1100E+09  .2107E+10  .5300E+03  .4500E+02  .3990E+11  .3533E+02 -.4750E+02  .2500E+02 -.2950E+02  .4150E+02  .3015E+03  .2320E+02  .2762E+00  .1283E+04  .4778E+05  .2763E+02  .6621E-01
  .1981838356E+04   .1981845205E+04  .1200E+03  .2602E+09  .7354E+10  .9050E+03  .7500E+02  .4016E+11  .4525E+02 -.8120E+02  .1690E+02 -.6450E+02  .2680E+02  .3060E+03  .1961E+02  .1720E+00  .2276E+04  .1251E+06  .2763E+02  .6621E-01
  .1981864384E+04   .1981868493E+04  .1200E+03  .3522E+09  .1019E+11  .1105E+04  .6000E+02  .4052E+11  .5525E+02 -.7400E+02  .3100E+02 -.6580E+02  .4290E+02  .3155E+03  .1536E+02  .1347E+00  .3081E+04  .1733E+06  .2763E+02  .6621E-01
  .1983620548E+04   .1983628082E+04  .1440E+03  .3961E+09  .1482E+11  .1130E+04  .1000E+03  .4091E+11  .4708E+02 -.9050E+02  .2730E+02 -.9700E+02  .4120E+02  .2265E+03  .1850E+02  .1340E+00  .2888E+04  .2100E+06  .2765E+02  .9435E-01
  .1983643151E+04   .1983656849E+04  .1440E+03  .2321E+09  .5810E+10  .9300E+03  .7000E+02  .4114E+11  .3875E+02 -.7600E+02  .2600E+02 -.1005E+03  .2550E+02  .2348E+03  .2430E+02  .1761E+00  .1692E+04  .8234E+05  .2765E+02  .9435E-01
  .1983691781E+04   .1983695205E+04  .1200E+03  .2632E+09  .7267E+10  .9200E+03  .6500E+02  .4141E+11  .4600E+02 -.6440E+02  .3020E+02 -.4880E+02  .4170E+02  .2525E+03  .1846E+02  .1619E+00  .2303E+04  .1236E+06  .2765E+02  .9435E-01
  .1983736301E+04   .1983742466E+04  .1020E+03  .2112E+09  .5290E+10  .7800E+03  .5500E+02  .4162E+11  .4588E+02 -.7300E+02  .2800E+02 -.7690E+02  .3790E+02  .2688E+03  .1294E+02  .1348E+00  .2174E+04  .1058E+06  .2765E+02  .9435E-01
  .1987604110E+04   .1987605479E+04  .1920E+03  .9602E+08  .1393E+10  .6800E+03  .4000E+02  .4171E+11  .2125E+02 -.9360E+02  .2630E+02 -.8230E+02  .3180E+02  .2205E+03  .1739E+02  .9351E-01  .5250E+03  .1480E+05  .2799E+02  .4266E+00
  .1987600000E+04   .1987639041E+04  .4860E+03  .8322E+09  .2191E+11  .3120E+04  .6500E+02  .4255E+11  .3852E+02 -.7750E+02  .3430E+02 -.4000E+01  .3900E+02  .2190E+03  .9620E+02  .2004E+00  .1798E+04  .9199E+05  .2799E+02  .4266E+00
  .1987627397E+04   .1987633562E+04  .1560E+03  .1763E+09  .3284E+10  .8800E+03  .4500E+02  .4272E+11  .3385E+02 -.2000E+02  .1480E+02 -.5450E+02  .2380E+02  .2290E+03  .3577E+02  .2384E+00  .1187E+04  .4296E+05  .2799E+02  .4266E+00
  .1987678082E+04   .1987684932E+04  .1320E+03  .1556E+09  .2916E+10  .7650E+03  .4500E+02  .4288E+11  .3477E+02 -.3130E+02  .1520E+02 -.2800E+02  .4250E+02  .2475E+03  .3395E+02  .2694E+00  .1238E+04  .4509E+05  .2799E+02  .4266E+00
  .1987686986E+04   .1987694521E+04  .2940E+03  .3144E+09  .5629E+10  .1620E+04  .4500E+02  .4319E+11  .3306E+02 -.1840E+02  .1080E+02 -.4950E+02  .3280E+02  .2508E+03  .5382E+02  .1869E+00  .1122E+04  .3908E+05  .2799E+02  .4266E+00
  .1987717808E+04   .1987725342E+04  .1680E+03  .6117E+09  .2342E+11  .1615E+04  .1100E+03  .4380E+11  .5768E+02 -.5130E+02  .9800E+01 -.3600E+02  .4900E+02  .2620E+03  .6601E+02  .4075E+00  .3822E+04  .2845E+06  .2799E+02  .4266E+00
  .1987770548E+04   .1987779452E+04  .1200E+03  .2285E+09  .5913E+10  .8550E+03  .6500E+02  .4403E+11  .4275E+02 -.8260E+02  .1500E+02 -.7400E+02  .2950E+02  .2813E+03  .2230E+02  .1956E+00  .1999E+04  .1006E+06  .2799E+02  .4266E+00
  .1990554110E+04   .1990563699E+04  .1320E+03  .1778E+09  .3935E+10  .7900E+03  .6000E+02  .4421E+11  .3591E+02 -.4190E+02  .8800E+01 -.7560E+02  .1650E+02  .2023E+03  .3437E+02  .2727E+00  .1414E+04  .6083E+05  .2767E+02  .1097E+00
  .1990560274E+04   .1990578082E+04  .2220E+03  .5387E+09  .1644E+11  .1730E+04  .7000E+02  .4475E+11  .4676E+02 -.7500E+02  .3400E+02 -.6000E+02  .4840E+02  .2045E+03  .3348E+02  .1550E+00  .2547E+04  .1511E+06  .2767E+02  .1097E+00
  .1990578082E+04   .1990584247E+04  .1860E+03  .2471E+09  .5110E+10  .1125E+04  .4500E+02  .4500E+11  .3629E+02 -.2220E+02  .1010E+02 -.4630E+02  .2680E+02  .2110E+03  .3033E+02  .1685E+00  .1394E+04  .5607E+05  .2767E+02  .1097E+00
  .1990589041E+04   .1990599315E+04  .1380E+03  .2765E+09  .8023E+10  .9750E+03  .8500E+02  .4527E+11  .4239E+02 -.7950E+02  .1320E+02 -.1070E+03  .2250E+02  .2150E+03  .2854E+02  .2162E+00  .2103E+04  .1186E+06  .2767E+02  .1097E+00
  .1990585616E+04   .1990588356E+04  .2640E+03  .2308E+09  .3737E+10  .1315E+04  .4000E+02  .4550E+11  .2989E+02 -.2300E+02  .3800E+02 -.1660E+02  .3800E+02  .2138E+03  .2665E+02  .1033E+00  .9176E+03  .2889E+05  .2767E+02  .1097E+00
  .1990609589E+04   .1990615753E+04  .7800E+02  .6187E+08  .9794E+09  .3650E+03  .3500E+02  .4557E+11  .2808E+02 -.3210E+02  .9000E+01 -.6130E+02  .1020E+02  .2225E+03  .2913E+02  .4045E+00  .8327E+03  .2563E+05  .2767E+02  .1097E+00
  .1990644521E+04   .1990663699E+04  .2460E+03  .1343E+10  .5735E+11  .2980E+04  .1050E+03  .4691E+11  .7268E+02 -.4590E+02  .1260E+02 -.4450E+02  .4850E+02  .2353E+03  .4759E+02  .1983E+00  .5730E+04  .4758E+06  .2767E+02  .1097E+00
  .1990646575E+04   .1990655479E+04  .1560E+03  .2351E+09  .5334E+10  .9950E+03  .5500E+02  .4714E+11  .3827E+02 -.3500E+02  .1250E+02 -.5120E+02  .3620E+02  .2360E+03  .3047E+02  .2031E+00  .1582E+04  .6978E+05  .2767E+02  .1097E+00
  .1990673973E+04   .1990683562E+04  .3300E+03  .1150E+10  .3865E+11  .3215E+04  .8500E+02  .4829E+11  .5845E+02 -.2340E+02  .7200E+01 -.3950E+02  .5000E+02  .2460E+03  .5951E+02  .1837E+00  .3657E+04  .2390E+06  .2767E+02  .1097E+00
  .1990721233E+04   .1990760959E+04  .3720E+03  .5393E+09  .1313E+11  .2280E+04  .7500E+02  .4883E+11  .3677E+02 -.3200E+02  .1400E+02 -.4290E+02  .4100E+02  .2633E+03  .4604E+02  .1258E+00  .1522E+04  .7201E+05  .2767E+02  .1097E+00
  .1990754795E+04   .1990760274E+04  .1500E+03  .3652E+09  .1022E+11  .1230E+04  .7000E+02  .4920E+11  .4920E+02 -.5930E+02  .1560E+02 -.7340E+02  .2450E+02  .2755E+03  .1647E+02  .1144E+00  .2556E+04  .1390E+06  .2767E+02  .1097E+00
  .1990762329E+04   .1990775342E+04  .2280E+03  .6410E+09  .1854E+11  .2040E+04  .6500E+02  .4984E+11  .5368E+02 -.4400E+02  .3600E+02 -.5100E+02  .4750E+02  .2783E+03  .5139E+02  .2315E+00  .2951E+04  .1660E+06  .2767E+02  .1097E+00
  .1990771233E+04   .1990776027E+04  .1020E+03  .1115E+09  .2365E+10  .5300E+03  .5500E+02  .4995E+11  .3118E+02 -.7950E+02  .2250E+02 -.8100E+02  .3400E+02  .2815E+03  .1387E+02  .1444E+00  .1147E+04  .4732E+05  .2767E+02  .1097E+00
  .1990789041E+04   .1990795205E+04  .1380E+03  .3777E+09  .1211E+11  .1155E+04  .7500E+02  .5033E+11  .5022E+02 -.6040E+02  .2220E+02 -.6490E+02  .2770E+02  .2880E+03  .1391E+02  .1054E+00  .2873E+04  .1791E+06  .2767E+02  .1097E+00
  .1995419178E+04   .1995423288E+04  .1980E+03  .3911E+09  .9887E+10  .1465E+04  .6500E+02  .5072E+11  .4439E+02 -.8430E+02  .1740E+02 -.5600E+02  .6500E+02  .1530E+03  .6019E+02  .3135E+00  .2073E+04  .1019E+06  .2792E+02  .3577E+00
  .1995507534E+04   .1995514384E+04  .1260E+03  .2105E+09  .5135E+10  .8350E+03  .6000E+02  .5093E+11  .3976E+02 -.7200E+02  .3200E+02 -.5920E+02  .4850E+02  .1853E+03  .2068E+02  .1723E+00  .1754E+04  .8317E+05  .2792E+02  .3577E+00
  .1995526027E+04   .1995539726E+04  .2460E+03  .4958E+09  .1247E+11  .1840E+04  .6000E+02  .5142E+11  .4488E+02 -.5490E+02  .1710E+02 -.2000E+02  .5500E+02  .1920E+03  .6487E+02  .2703E+00  .2116E+04  .1035E+06  .2792E+02  .3577E+00
  .1995571918E+04   .1995578082E+04  .1260E+03  .8502E+08  .1253E+10  .5450E+03  .4000E+02  .5151E+11  .2595E+02 -.8660E+02  .2620E+02 -.9850E+02  .3300E+02  .2088E+03  .1318E+02  .1098E+00  .7083E+03  .2029E+05  .2792E+02  .3577E+00
  .1995578082E+04   .1995587671E+04  .1620E+03  .4394E+09  .1471E+11  .1305E+04  .8000E+02  .5195E+11  .4833E+02 -.7320E+02  .2230E+02 -.8200E+02  .3880E+02  .2110E+03  .2916E+02  .1869E+00  .2847E+04  .1853E+06  .2792E+02  .3577E+00
  .1995600000E+04   .1995613014E+04  .4140E+03  .1814E+10  .7290E+11  .4455E+04  .1200E+03  .5376E+11  .6457E+02 -.3080E+02  .1430E+02 -.1000E+01  .6150E+02  .2190E+03  .1050E+03  .2573E+00  .4600E+04  .3593E+06  .2792E+02  .3577E+00
  .1995604795E+04   .1995610274E+04  .6000E+02  .1005E+09  .2391E+10  .4050E+03  .6000E+02  .5386E+11  .4050E+02 -.9480E+02  .2370E+02 -.9820E+02  .2390E+02  .2208E+03  .3842E+01  .7115E-01  .1758E+04  .8134E+05  .2792E+02  .3577E+00
  .1995638356E+04   .1995645890E+04  .2460E+03  .1292E+10  .5191E+11  .2980E+04  .9500E+02  .5516E+11  .7268E+02 -.3300E+02  .1320E+02 -.3700E+02  .4000E+02  .2330E+03  .4085E+02  .1702E+00  .5512E+04  .4306E+06  .2792E+02  .3577E+00
  .1995639726E+04   .1995666438E+04  .3900E+03  .1551E+10  .5547E+11  .4085E+04  .9500E+02  .5671E+11  .6285E+02 -.4930E+02  .1320E+02 -.4400E+01  .4930E+02  .2335E+03  .7914E+02  .2061E+00  .4174E+04  .2902E+06  .2792E+02  .3577E+00
  .1995640411E+04   .1995642466E+04  .1320E+03  .9045E+08  .1343E+10  .5750E+03  .3500E+02  .5680E+11  .2614E+02 -.7870E+02  .2370E+02 -.8240E+02  .3380E+02  .2338E+03  .1299E+02  .1031E+00  .7193E+03  .2077E+05  .2792E+02  .3577E+00
  .1995650685E+04   .1995656849E+04  .1860E+03  .2473E+09  .4913E+10  .1145E+04  .4500E+02  .5704E+11  .3694E+02 -.3270E+02  .1540E+02 -.6150E+02  .3300E+02  .2375E+03  .3548E+02  .1971E+00  .1396E+04  .5391E+05  .2792E+02  .3577E+00
  .1995653425E+04   .1995671918E+04  .3960E+03  .3204E+10  .1726E+12  .5710E+04  .1200E+03  .6025E+11  .8652E+02 -.2270E+02  .1130E+02 -.4000E+02  .6000E+02  .2385E+03  .9062E+02  .2323E+00  .8494E+04  .8894E+06  .2792E+02  .3577E+00
  .1995697945E+04   .1995708904E+04  .4620E+03  .1429E+10  .5440E+11  .3870E+04  .1000E+03  .6168E+11  .5026E+02 -.5090E+02  .1170E+02 -.5190E+02  .3530E+02  .2548E+03  .6645E+02  .1457E+00  .3247E+04  .2403E+06  .2792E+02  .3577E+00
  .1995736301E+04   .1995741781E+04  .2700E+03  .6630E+09  .1867E+11  .2220E+04  .6500E+02  .6234E+11  .4933E+02 -.3770E+02  .1040E+02 -.2800E+02  .3600E+02  .2688E+03  .3882E+02  .1471E+00  .2578E+04  .1411E+06  .2792E+02  .3577E+00
  .1995739041E+04   .1995757534E+04  .2220E+03  .7210E+09  .3034E+11  .1900E+04  .1300E+03  .6306E+11  .5135E+02 -.8730E+02  .1910E+02 -.7650E+02  .4450E+02  .2698E+03  .3435E+02  .1590E+00  .3409E+04  .2789E+06  .2792E+02  .3577E+00
  .1995758219E+04   .1995761644E+04  .9600E+02  .1606E+09  .3610E+10  .6600E+03  .5000E+02  .6322E+11  .4125E+02 -.3140E+02  .8300E+01 -.5750E+02  .1210E+02  .2768E+03  .2627E+02  .2919E+00  .1756E+04  .7673E+05  .2792E+02  .3577E+00
  .1995766438E+04   .1995775342E+04  .3240E+03  .9894E+09  .3392E+11  .2860E+04  .1000E+03  .6421E+11  .5296E+02 -.8210E+02  .1400E+02 -.9600E+02  .1950E+02  .2798E+03  .2847E+02  .8954E-01  .3206E+04  .2136E+06  .2792E+02  .3577E+00
  .1995801370E+04   .1995807534E+04  .1140E+03  .1515E+09  .3144E+10  .6900E+03  .5500E+02  .6436E+11  .3632E+02 -.5380E+02  .1380E+02 -.6450E+02  .1750E+02  .2925E+03  .1738E+02  .1610E+00  .1395E+04  .5629E+05  .2792E+02  .3577E+00
  .1995819178E+04   .1995829452E+04  .1740E+03  .5788E+09  .1892E+11  .1665E+04  .7500E+02  .6494E+11  .5741E+02 -.5920E+02  .2460E+02 -.2400E+02  .5050E+02  .2990E+03  .4591E+02  .2733E+00  .3492E+04  .2219E+06  .2792E+02  .3577E+00
  .1997413014E+04   .1997415753E+04  .5400E+02  .6373E+08  .1227E+10  .3100E+03  .4500E+02  .6500E+11  .3444E+02 -.7740E+02  .2850E+02 -.6630E+02  .4000E+02  .1508E+03  .1573E+02  .3277E+00  .1239E+04  .4636E+05  .2793E+02  .3685E+00
  .1997494521E+04   .1997497260E+04  .1140E+03  .1149E+09  .1994E+10  .6100E+03  .4000E+02  .6512E+11  .3211E+02 -.7720E+02  .3200E+02 -.5800E+02  .4100E+02  .1805E+03  .1950E+02  .1805E+00  .1058E+04  .3570E+05  .2793E+02  .3685E+00
  .1997523973E+04   .1997527397E+04  .5400E+02  .1387E+09  .3976E+10  .4550E+03  .6500E+02  .6526E+11  .5056E+02 -.6990E+02  .3040E+02 -.5300E+02  .4400E+02  .1913E+03  .1920E+02  .4000E+00  .2697E+04  .1503E+06  .2793E+02  .3685E+00
  .1997528767E+04   .1997530822E+04  .9600E+02  .1125E+09  .2089E+10  .5550E+03  .4000E+02  .6537E+11  .3469E+02 -.7360E+02  .3130E+02 -.5790E+02  .3590E+02  .1930E+03  .1589E+02  .1766E+00  .1230E+04  .4441E+05  .2793E+02  .3685E+00
  .1997538356E+04   .1997543836E+04  .2700E+03  .4581E+09  .1235E+11  .1740E+04  .7000E+02  .6583E+11  .3867E+02 -.9260E+02  .2740E+02 -.4800E+02  .4400E+02  .1965E+03  .4178E+02  .1582E+00  .1781E+04  .9335E+05  .2793E+02  .3685E+00
  .1997671918E+04   .1997686986E+04  .4020E+03  .1737E+10  .7115E+11  .4245E+04  .1100E+03  .6757E+11  .6336E+02 -.4410E+02  .1090E+02 -.1400E+02  .4900E+02  .2453E+03  .7674E+02  .1938E+00  .4536E+04  .3612E+06  .2793E+02  .3685E+00
  .1997758219E+04   .1997769178E+04  .1020E+03  .1090E+09  .1918E+10  .5650E+03  .4000E+02  .6768E+11  .3324E+02 -.6450E+02  .2420E+02 -.4880E+02  .2920E+02  .2768E+03  .1632E+02  .1700E+00  .1122E+04  .3838E+05  .2793E+02  .3685E+00
  .1997784932E+04   .1997787671E+04  .7800E+02  .9188E+08  .1685E+10  .4550E+03  .4000E+02  .6777E+11  .3500E+02 -.6870E+02  .2000E+02 -.4730E+02  .2450E+02  .2865E+03  .2244E+02  .3117E+00  .1237E+04  .4409E+05  .2793E+02  .3685E+00
  .1998568493E+04   .1998577397E+04  .1560E+03  .1918E+09  .3695E+10  .9200E+03  .4500E+02  .6796E+11  .3538E+02 -.2540E+02  .1130E+02 -.5930E+02  .2100E+02  .2075E+03  .3511E+02  .2340E+00  .1290E+04  .4834E+05  .2810E+02  .5383E+00
  .1998631507E+04   .1998642466E+04  .2880E+03  .1469E+10  .6483E+11  .3280E+04  .1000E+03  .6943E+11  .6833E+02 -.4810E+02  .1470E+02 -.4100E+02  .4300E+02  .2305E+03  .6697E+02  .2375E+00  .5354E+04  .4594E+06  .2810E+02  .5383E+00
  .1998636301E+04   .1998639041E+04  .7200E+02  .7487E+08  .1562E+10  .3700E+03  .6000E+02  .6950E+11  .3083E+02 -.9230E+02  .2530E+02 -.1012E+03  .2940E+02  .2323E+03  .9145E+01  .1386E+00  .1092E+04  .4427E+05  .2810E+02  .5383E+00
  .1998644521E+04   .1998650000E+04  .3660E+03  .1624E+10  .6141E+11  .4035E+04  .9000E+02  .7113E+11  .6615E+02 -.3430E+02  .1340E+02 -.1200E+02  .5700E+02  .2353E+03  .9787E+02  .2719E+00  .4659E+04  .3424E+06  .2810E+02  .5383E+00
  .1998664384E+04   .1998670548E+04  .1980E+03  .4897E+09  .1404E+11  .1635E+04  .8500E+02  .7162E+11  .4955E+02 -.9350E+02  .2160E+02 -.2500E+02  .5200E+02  .2425E+03  .6223E+02  .3241E+00  .2596E+04  .1447E+06  .2810E+02  .5383E+00
  .1998686986E+04   .1998693151E+04  .1260E+03  .1450E+09  .2861E+10  .7050E+03  .5500E+02  .7176E+11  .3357E+02 -.9450E+02  .2550E+02 -.9700E+02  .3300E+02  .2508E+03  .1373E+02  .1144E+00  .1208E+04  .4634E+05  .2810E+02  .5383E+00
  .1998705479E+04   .1998718493E+04  .3840E+03  .2304E+10  .1112E+12  .4700E+04  .1350E+03  .7407E+11  .7344E+02 -.2510E+02  .9700E+01 -.8180E+02  .3050E+02  .2575E+03  .7329E+02  .1939E+00  .6299E+04  .5912E+06  .2810E+02  .5383E+00
  .1998710959E+04   .1998717123E+04  .8400E+02  .8087E+08  .1366E+10  .4400E+03  .4000E+02  .7415E+11  .3143E+02 -.9030E+02  .2690E+02 -.9000E+02  .3100E+02  .2595E+03  .9000E+01  .1154E+00  .1011E+04  .3320E+05  .2810E+02  .5383E+00
  .1998715068E+04   .1998734932E+04  .2160E+03  .5967E+09  .1904E+11  .1830E+04  .8000E+02  .7474E+11  .5083E+02 -.2660E+02  .1340E+02 -.1550E+02  .4150E+02  .2610E+03  .5131E+02  .2443E+00  .2900E+04  .1799E+06  .2810E+02  .5383E+00
  .1998721233E+04   .1998729452E+04  .3240E+03  .1190E+10  .4403E+11  .3150E+04  .9000E+02  .7593E+11  .5833E+02 -.1740E+02  .9600E+01 -.5000E+01  .3950E+02  .2633E+03  .6684E+02  .2102E+00  .3855E+04  .2773E+06  .2810E+02  .5383E+00
  .1998727397E+04   .1998736986E+04  .1560E+03  .4858E+09  .1697E+11  .1390E+04  .9000E+02  .7642E+11  .5346E+02 -.6540E+02  .3330E+02 -.8000E+01  .4900E+02  .2655E+03  .5144E+02  .3430E+00  .3269E+04  .2220E+06  .2810E+02  .5383E+00
  .1998758904E+04   .1998771233E+04  .1260E+03  .3118E+09  .8604E+10  .1050E+04  .6500E+02  .7673E+11  .5000E+02 -.4640E+02  .1390E+02 -.3200E+02  .5210E+02  .2770E+03  .4496E+02  .3747E+00  .2598E+04  .1394E+06  .2810E+02  .5383E+00
  .1998805479E+04   .1998818493E+04  .4560E+03  .2404E+10  .1351E+12  .4835E+04  .1550E+03  .7914E+11  .6362E+02 -.7610E+02  .1160E+02 -.5000E+01  .6350E+02  .2940E+03  .1074E+03  .2387E+00  .5535E+04  .6047E+06  .2810E+02  .5383E+00
  .1998895890E+04   .1998915068E+04  .2100E+03  .5261E+09  .1522E+11  .1730E+04  .7500E+02  .7966E+11  .4943E+02 -.2800E+02  .2830E+02 -.3700E+02  .5200E+02  .3270E+03  .4713E+02  .2310E+00  .2630E+04  .1479E+06  .2810E+02  .5383E+00
  .1999443151E+04   .1999446575E+04  .1560E+03  .2351E+09  .5060E+10  .1015E+04  .5000E+02  .7990E+11  .3904E+02 -.5810E+02  .2710E+02 -.6160E+02  .3540E+02  .1618E+03  .1257E+02  .8380E-01  .1582E+04  .6620E+05  .2773E+02  .1682E+00
  .1999629452E+04   .1999639041E+04  .1560E+03  .7033E+09  .3458E+11  .1550E+04  .1250E+03  .8060E+11  .5962E+02 -.9440E+02  .1950E+02 -.1030E+03  .2760E+02  .2298E+03  .1393E+02  .9285E-01  .4733E+04  .4524E+06  .2773E+02  .1682E+00
  .1999630137E+04   .1999656164E+04  .3060E+03  .1443E+10  .6308E+11  .3340E+04  .1200E+03  .8204E+11  .6549E+02 -.1890E+02  .1350E+02 -.4820E+02  .4040E+02  .2300E+03  .5686E+02  .1895E+00  .4950E+04  .4207E+06  .2773E+02  .1682E+00
  .1999643836E+04   .1999656849E+04  .3840E+03  .1201E+10  .4313E+11  .3360E+04  .9000E+02  .8324E+11  .5250E+02 -.6770E+02  .2150E+02 -.7560E+02  .4550E+02  .2350E+03  .4330E+02  .1146E+00  .3284E+04  .2292E+06  .2773E+02  .1682E+00
  .1999644521E+04   .1999645890E+04  .1080E+03  .1486E+09  .2956E+10  .6800E+03  .4500E+02  .8339E+11  .3778E+02 -.5360E+02  .1150E+02 -.5670E+02  .2380E+02  .2353E+03  .1382E+02  .1355E+00  .1444E+04  .5586E+05  .2773E+02  .1682E+00
  .1999684247E+04   .1999699315E+04  .2880E+03  .1767E+10  .8962E+11  .3525E+04  .1350E+03  .8516E+11  .7344E+02 -.4560E+02  .1460E+02 -.4800E+02  .4950E+02  .2498E+03  .6854E+02  .2431E+00  .6439E+04  .6351E+06  .2773E+02  .1682E+00
  .1999694521E+04   .1999706849E+04  .2940E+03  .2459E+10  .1330E+12  .4355E+04  .1300E+03  .8762E+11  .8888E+02 -.2420E+02  .1260E+02 -.5190E+02  .4660E+02  .2535E+03  .6268E+02  .2176E+00  .8781E+04  .9229E+06  .2773E+02  .1682E+00
  .1999715753E+04   .1999719863E+04  .7200E+02  .1235E+09  .2828E+10  .5000E+03  .5000E+02  .8774E+11  .4167E+02 -.8780E+02  .2500E+02 -.7860E+02  .2690E+02  .2613E+03  .1012E+02  .1534E+00  .1800E+04  .8017E+05  .2773E+02  .1682E+00
  .1999779452E+04   .1999795205E+04  .1800E+03  .7170E+09  .2635E+11  .1850E+04  .9500E+02  .8846E+11  .6167E+02 -.8200E+02  .1590E+02 -.4500E+02  .5100E+02  .2845E+03  .5059E+02  .2907E+00  .4182E+04  .2988E+06  .2773E+02  .1682E+00
  .1999793836E+04   .1999801370E+04  .1920E+03  .6028E+09  .1924E+11  .1785E+04  .8500E+02  .8906E+11  .5578E+02 -.5080E+02  .9800E+01 -.5180E+02  .4000E+02  .2898E+03  .4202E+02  .2259E+00  .3296E+04  .2045E+06  .2773E+02  .1682E+00
  .1999823973E+04   .1999826712E+04  .9600E+02  .6801E+08  .9952E+09  .4300E+03  .3500E+02  .8913E+11  .2688E+02 -.8090E+02  .1140E+02 -.8980E+02  .2120E+02  .3008E+03  .1366E+02  .1518E+00  .7438E+03  .2116E+05  .2773E+02  .1682E+00
  .1999867808E+04   .1999878767E+04  .2340E+03  .1183E+10  .5845E+11  .2505E+04  .1350E+03  .9031E+11  .6423E+02 -.8160E+02  .1670E+02 -.5280E+02  .1850E+02  .3168E+03  .3045E+02  .1335E+00  .5306E+04  .5098E+06  .2773E+02  .1682E+00
  .2001426027E+04   .2001426712E+04  .3300E+03  .2255E+09  .3496E+10  .1420E+04  .5000E+02  .9054E+11  .2582E+02 -.9500E+02  .2750E+02 -.6100E+02  .4350E+02  .1555E+03  .4127E+02  .1274E+00  .7173E+03  .2162E+05  .2782E+02  .2636E+00
  .2001584932E+04   .2001593836E+04  .1440E+03  .1722E+09  .3966E+10  .7650E+03  .6000E+02  .9071E+11  .3188E+02 -.8480E+02  .2570E+02 -.9000E+02  .3750E+02  .2135E+03  .1570E+02  .1138E+00  .1255E+04  .5620E+05  .2782E+02  .2636E+00
  .2001618493E+04   .2001630822E+04  .1920E+03  .3301E+09  .8106E+10  .1300E+04  .6000E+02  .9104E+11  .4063E+02 -.3700E+02  .1280E+02 -.9220E+02  .1790E+02  .2258E+03  .5441E+02  .2925E+00  .1805E+04  .8616E+05  .2782E+02  .2636E+00
  .2001639726E+04   .2001654110E+04  .1740E+03  .2649E+09  .6244E+10  .1100E+04  .6000E+02  .9130E+11  .3793E+02 -.6430E+02  .1790E+02 -.4090E+02  .5100E+02  .2335E+03  .4588E+02  .2731E+00  .1598E+04  .7323E+05  .2782E+02  .2636E+00
  .2001667808E+04   .2001689726E+04  .3720E+03  .1317E+10  .4982E+11  .3500E+04  .1050E+03  .9262E+11  .5645E+02 -.3430E+02  .1250E+02 -.3500E+02  .6500E+02  .2438E+03  .7987E+02  .2182E+00  .3715E+04  .2733E+06  .2782E+02  .2636E+00
  .2001684247E+04   .2001701370E+04  .2760E+03  .9463E+09  .3718E+11  .2485E+04  .1000E+03  .9357E+11  .5402E+02 -.2840E+02  .1390E+02 -.3160E+02  .3460E+02  .2498E+03  .4773E+02  .1768E+00  .3599E+04  .2749E+06  .2782E+02  .2636E+00
  .2001695205E+04   .2001710959E+04  .2460E+03  .6371E+09  .1855E+11  .2065E+04  .7000E+02  .9420E+11  .5037E+02 -.8410E+02  .2580E+02 -.3100E+02  .5750E+02  .2538E+03  .5525E+02  .2302E+00  .2719E+04  .1539E+06  .2782E+02  .2636E+00
  .2001721918E+04   .2001735616E+04  .1560E+03  .5841E+09  .2077E+11  .1560E+04  .9000E+02  .9479E+11  .6000E+02 -.6420E+02  .2510E+02 -.4450E+02  .4150E+02  .2635E+03  .3046E+02  .2031E+00  .3931E+04  .2717E+06  .2782E+02  .2636E+00
  .2001757534E+04   .2001769863E+04  .1260E+03  .5950E+09  .2745E+11  .1340E+04  .1250E+03  .9538E+11  .6381E+02 -.5820E+02  .1230E+02 -.9190E+02  .1620E+02  .2765E+03  .3336E+02  .2780E+00  .4957E+04  .4446E+06  .2782E+02  .2636E+00
  .2001763014E+04   .2001765753E+04  .6000E+02  .8173E+08  .1683E+10  .3700E+03  .4500E+02  .9547E+11  .3700E+02 -.5060E+02  .1060E+02 -.6600E+02  .1450E+02  .2785E+03  .1573E+02  .2912E+00  .1430E+04  .5725E+05  .2782E+02  .2636E+00
  .2001776027E+04   .2001784247E+04  .1140E+03  .3261E+09  .9678E+10  .1020E+04  .7000E+02  .9579E+11  .5368E+02 -.6300E+02  .2750E+02 -.6200E+02  .4800E+02  .2833E+03  .2319E+02  .2147E+00  .3003E+04  .1733E+06  .2782E+02  .2636E+00
  .2001820548E+04   .2001827397E+04  .9600E+02  .9345E+08  .1550E+10  .5100E+03  .3500E+02  .9589E+11  .3188E+02 -.3490E+02  .2720E+02 -.4310E+02  .3740E+02  .2995E+03  .1895E+02  .2106E+00  .1022E+04  .3295E+05  .2782E+02  .2636E+00
  .2001826712E+04   .2001841781E+04  .1980E+03  .1047E+10  .5056E+11  .2220E+04  .1200E+03  .9693E+11  .6727E+02 -.8360E+02  .1330E+02 -.6650E+02  .2870E+02  .3018E+03  .2747E+02  .1431E+00  .5548E+04  .5211E+06  .2782E+02  .2636E+00
  .2001841096E+04   .2001845205E+04  .7200E+02  .2016E+09  .5770E+10  .6450E+03  .6500E+02  .9713E+11  .5375E+02 -.5040E+02  .3390E+02 -.4800E+02  .4500E+02  .3070E+03  .1137E+02  .1723E+00  .2940E+04  .1635E+06  .2782E+02  .2636E+00
  .2001893836E+04   .2001904795E+04  .2820E+03  .7002E+09  .2149E+11  .2260E+04  .8000E+02  .9783E+11  .4809E+02 -.5100E+02  .3050E+02 -.6740E+02  .2700E+02  .3263E+03  .3814E+02  .1382E+00  .2606E+04  .1555E+06  .2782E+02  .2636E+00
  .2002533562E+04   .2002536986E+04  .1200E+03  .1950E+09  .4309E+10  .8150E+03  .5000E+02  .9803E+11  .4075E+02 -.7680E+02  .3430E+02 -.5100E+02  .5600E+02  .1948E+03  .3803E+02  .3336E+00  .1706E+04  .7328E+05  .2756E+02  .5407E-03
  .2002591096E+04   .2002591781E+04  .1200E+03  .5887E+08  .7556E+09  .4400E+03  .3500E+02  .9809E+11  .2200E+02 -.8850E+02  .2900E+02 -.9770E+02  .2750E+02  .2158E+03  .1084E+02  .9509E-01  .5150E+03  .1285E+05  .2756E+02  .5407E-03
  .2002593836E+04   .2002600000E+04  .7800E+02  .1105E+09  .2268E+10  .4950E+03  .4500E+02  .9820E+11  .3808E+02 -.7720E+02  .3200E+02 -.7200E+02  .3100E+02  .2168E+03  .6826E+01  .9481E-01  .1487E+04  .5934E+05  .2756E+02  .5407E-03
  .2002658904E+04   .2002661644E+04  .1560E+03  .2361E+09  .5039E+10  .1020E+04  .5000E+02  .9843E+11  .3923E+02 -.3120E+02  .9500E+01 -.5250E+02  .2400E+02  .2405E+03  .3016E+02  .2011E+00  .1588E+04  .6591E+05  .2756E+02  .5407E-03
  .2002667808E+04   .2002672603E+04  .1200E+03  .1263E+09  .2402E+10  .6400E+03  .5500E+02  .9856E+11  .3200E+02 -.7880E+02  .2920E+02 -.8600E+02  .2850E+02  .2438E+03  .9787E+01  .8585E-01  .1105E+04  .4085E+05  .2756E+02  .5407E-03
  .2002678767E+04   .2002680822E+04  .1320E+03  .9945E+08  .2134E+10  .5100E+03  .5000E+02  .9866E+11  .2318E+02 -.9380E+02  .2800E+02 -.1010E+03  .2650E+02  .2478E+03  .9982E+01  .7922E-01  .7909E+03  .3300E+05  .2756E+02  .5407E-03
  .2002686301E+04   .2002695205E+04  .1620E+03  .4067E+09  .1229E+11  .1320E+04  .8500E+02  .9907E+11  .4889E+02 -.7100E+02  .2900E+02 -.5450E+02  .6250E+02  .2505E+03  .4419E+02  .2833E+00  .2635E+04  .1549E+06  .2756E+02  .5407E-03
  .2002695890E+04   .2002701370E+04  .9000E+02  .1203E+09  .2560E+10  .5400E+03  .5000E+02  .9919E+11  .3600E+02 -.8660E+02  .2630E+02 -.8500E+02  .3300E+02  .2540E+03  .1067E+02  .1270E+00  .1403E+04  .5805E+05  .2756E+02  .5407E-03
  .2002703425E+04   .2002722603E+04  .3180E+03  .1076E+10  .4482E+11  .2775E+04  .1100E+03  .1003E+12  .5236E+02 -.6050E+02  .1000E+02 -.7950E+02  .4090E+02  .2568E+03  .5801E+02  .1859E+00  .3553E+04  .2876E+06  .2756E+02  .5407E-03
  .2002710959E+04   .2002716438E+04  .5400E+02  .6473E+08  .1236E+10  .3150E+03  .5000E+02  .1003E+12  .3500E+02 -.5240E+02  .3270E+02 -.4330E+02  .4150E+02  .2595E+03  .1212E+02  .2524E+00  .1258E+04  .4671E+05  .2756E+02  .5407E-03
  .2002719863E+04   .2002735616E+04  .5280E+03  .9874E+09  .2617E+11  .3710E+04  .7500E+02  .1013E+12  .4216E+02 -.5180E+02  .2830E+02 -.7410E+02  .3670E+02  .2628E+03  .6023E+02  .1154E+00  .1963E+04  .1012E+06  .2756E+02  .5407E-03
  .2002722603E+04   .2002753425E+04  .3120E+03  .1027E+10  .4168E+11  .2755E+04  .1250E+03  .1023E+12  .5298E+02 -.4460E+02  .1020E+02 -.9000E+02  .3580E+02  .2638E+03  .5950E+02  .1944E+00  .3454E+04  .2726E+06  .2756E+02  .5407E-03
  .2003293151E+04   .2003301370E+04  .2340E+03  .3395E+09  .7118E+10  .1500E+04  .5000E+02  .1027E+12  .3846E+02 -.6620E+02  .2910E+02 -.2240E+02  .3610E+02  .1070E+03  .5008E+02  .2196E+00  .1523E+04  .6208E+05  .2797E+02  .4064E+00
  .2003488356E+04   .2003494521E+04  .1200E+03  .1162E+09  .2293E+10  .5950E+03  .5000E+02  .1028E+12  .2975E+02 -.8900E+02  .1950E+02 -.7950E+02  .3730E+02  .1783E+03  .2302E+02  .2019E+00  .1016E+04  .3899E+05  .2797E+02  .4064E+00
  .2003512329E+04   .2003535616E+04  .2580E+03  .5866E+09  .1604E+11  .2035E+04  .7500E+02  .1034E+12  .4733E+02 -.5350E+02  .1110E+02 -.1077E+03  .3090E+02  .1870E+03  .5710E+02  .2266E+00  .2387E+04  .1269E+06  .2797E+02  .4064E+00
  .2003538356E+04   .2003544521E+04  .2640E+03  .3472E+09  .8736E+10  .1470E+04  .6500E+02  .1037E+12  .3341E+02 -.5410E+02  .3080E+02 -.4350E+02  .3100E+02  .1965E+03  .4189E+02  .1624E+00  .1381E+04  .6753E+05  .2797E+02  .4064E+00
  .2003618493E+04   .2003623288E+04  .6000E+02  .1237E+09  .3241E+10  .4500E+03  .6500E+02  .1039E+12  .4500E+02 -.8330E+02  .2640E+02 -.1003E+03  .2470E+02  .2258E+03  .1549E+02  .2869E+00  .2165E+04  .1103E+06  .2797E+02  .4064E+00
  .2003654110E+04   .2003667808E+04  .3180E+03  .2563E+10  .1366E+12  .4610E+04  .1250E+03  .1064E+12  .8698E+02 -.3070E+02  .1460E+02 -.2700E+02  .6000E+02  .2388E+03  .8218E+02  .2634E+00  .8460E+04  .8768E+06  .2797E+02  .4064E+00
  .2003661644E+04   .2003662329E+04  .7200E+02  .5130E+08  .7993E+09  .3150E+03  .3500E+02  .1065E+12  .2625E+02 -.9240E+02  .2430E+02 -.9450E+02  .3460E+02  .2415E+03  .1218E+02  .1846E+00  .7479E+03  .2266E+05  .2797E+02  .4064E+00
  .2003673288E+04   .2003678767E+04  .1260E+03  .1136E+09  .1910E+10  .6350E+03  .5000E+02  .1066E+12  .3024E+02 -.8770E+02  .2740E+02 -.7530E+02  .3290E+02  .2458E+03  .1356E+02  .1130E+00  .9464E+03  .3093E+05  .2797E+02  .4064E+00
  .2003679452E+04   .2003695205E+04  .3420E+03  .3638E+10  .2216E+12  .5700E+04  .1450E+03  .1102E+12  .1000E+03 -.3140E+02  .1380E+02 -.8100E+02  .4800E+02  .2480E+03  .6412E+02  .1908E+00  .1117E+05  .1322E+07  .2797E+02  .4064E+00
  .2003730137E+04   .2003739041E+04  .1260E+03  .5457E+09  .2133E+11  .1345E+04  .9000E+02  .1108E+12  .6405E+02 -.6240E+02  .2820E+02 -.6240E+02  .4980E+02  .2665E+03  .2257E+02  .1880E+00  .4546E+04  .3455E+06  .2797E+02  .4064E+00
  .2003733562E+04   .2003758219E+04  .3480E+03  .1469E+10  .5798E+11  .3655E+04  .1100E+03  .1122E+12  .6302E+02 -.3770E+02  .1180E+02 -.6000E+01  .6300E+02  .2678E+03  .9252E+02  .2705E+00  .4431E+04  .3400E+06  .2797E+02  .4064E+00
  .2003739041E+04   .2003753425E+04  .2460E+03  .3155E+09  .7097E+10  .1390E+04  .5500E+02  .1126E+12  .3390E+02 -.8470E+02  .1850E+02 -.9530E+02  .1580E+02  .2698E+03  .1627E+02  .6778E-01  .1346E+04  .5887E+05  .2797E+02  .4064E+00
  .2003774658E+04   .2003774658E+04  .8400E+02  .8802E+08  .1544E+10  .4600E+03  .4000E+02  .1126E+12  .3286E+02 -.6880E+02  .1910E+02 -.6770E+02  .2590E+02  .2828E+03  .1152E+02  .1476E+00  .1100E+04  .3752E+05  .2797E+02  .4064E+00
  .2003780822E+04   .2003793151E+04  .4800E+03  .6203E+09  .1325E+11  .2825E+04  .6000E+02  .1133E+12  .3531E+02 -.3700E+02  .9500E+01 -.6700E+02  .2770E+02  .2850E+03  .7054E+02  .1488E+00  .1357E+04  .5635E+05  .2797E+02  .4064E+00
  .2003924658E+04   .2003929452E+04  .1320E+03  .2522E+09  .5988E+10  .9750E+03  .5500E+02  .1135E+12  .4432E+02 -.7620E+02  .1290E+02 -.4770E+02  .3190E+02  .3375E+03  .3305E+02  .2623E+00  .2006E+04  .9257E+05  .2797E+02  .4064E+00
  .2003933562E+04   .2003939041E+04  .9000E+02  .1380E+09  .3031E+10  .5900E+03  .6000E+02  .1136E+12  .3933E+02 -.3450E+02  .2750E+02 -.3500E+02  .2750E+02  .3408E+03  .1743E+02  .2074E+00  .1610E+04  .6873E+05  .2797E+02  .4064E+00
  .2004581284E+04   .2004592896E+04  .1500E+03  .6700E+09  .2837E+11  .1575E+04  .1050E+03  .1143E+12  .6300E+02 -.7830E+02  .3030E+02 -.3270E+02  .4740E+02  .2128E+03  .4113E+02  .2857E+00  .4689E+04  .3860E+06  .2796E+02  .4007E+00
  .2004588798E+04   .2004611339E+04  .2580E+03  .2599E+09  .4989E+10  .1335E+04  .5500E+02  .1146E+12  .3105E+02 -.5360E+02  .1290E+02 -.7350E+02  .3900E+02  .2155E+03  .5963E+02  .2366E+00  .1058E+04  .3946E+05  .2796E+02  .4007E+00
  .2004605191E+04   .2004616803E+04  .1500E+03  .6421E+09  .2706E+11  .1550E+04  .1250E+03  .1152E+12  .6200E+02 -.5920E+02  .1140E+02 -.7110E+02  .4120E+02  .2215E+03  .4777E+02  .3318E+00  .4494E+04  .3682E+06  .2796E+02  .4007E+00
  .2004616120E+04   .2004625000E+04  .2760E+03  .7642E+09  .2876E+11  .2180E+04  .9500E+02  .1160E+12  .4739E+02 -.2180E+02  .1230E+02 -.4520E+02  .3640E+02  .2255E+03  .4273E+02  .1583E+00  .2907E+04  .2126E+06  .2796E+02  .4007E+00
  .2004616803E+04   .2004620902E+04  .5400E+02  .6473E+08  .1232E+10  .3150E+03  .4500E+02  .1160E+12  .3500E+02 -.4560E+02  .9000E+01 -.6280E+02  .1210E+02  .2258E+03  .1720E+02  .3584E+00  .1258E+04  .4654E+05  .2796E+02  .4007E+00
  .2004647541E+04   .2004665984E+04  .4080E+03  .2696E+10  .1421E+12  .5080E+04  .1250E+03  .1187E+12  .7471E+02 -.3520E+02  .1110E+02 -.6420E+02  .4720E+02  .2370E+03  .7655E+02  .1904E+00  .6938E+04  .7106E+06  .2796E+02  .4007E+00
  .2004654372E+04   .2004659836E+04  .1620E+03  .2605E+09  .6030E+10  .1075E+04  .6500E+02  .1190E+12  .3981E+02 -.7810E+02  .3180E+02 -.2890E+02  .5200E+02  .2395E+03  .4483E+02  .2874E+00  .1688E+04  .7597E+05  .2796E+02  .4007E+00
  .2004655055E+04   .2004661885E+04  .9600E+02  .1116E+09  .2159E+10  .5450E+03  .5000E+02  .1191E+12  .3406E+02 -.6520E+02  .2900E+02 -.7050E+02  .4310E+02  .2398E+03  .1715E+02  .1905E+00  .1220E+04  .4590E+05  .2796E+02  .4007E+00
  .2004671448E+04   .2004696038E+04  .5220E+03  .4143E+10  .2544E+12  .6850E+04  .1450E+03  .1233E+12  .7874E+02 -.2760E+02  .9700E+01 -.9420E+02  .3010E+02  .2458E+03  .1113E+03  .2157E+00  .8331E+04  .9945E+06  .2796E+02  .4007E+00
  .2004701503E+04   .2004734290E+04  .3840E+03  .1437E+10  .5489E+11  .3735E+04  .1050E+03  .1247E+12  .5836E+02 -.6000E+02  .1590E+02 -.7250E+02  .3850E+02  .2568E+03  .5297E+02  .1401E+00  .3929E+04  .2917E+06  .2796E+02  .4007E+00
  .2004708333E+04   .2004721995E+04  .2880E+03  .1831E+10  .8924E+11  .3680E+04  .1250E+03  .1265E+12  .7667E+02 -.2920E+02  .1120E+02  .1350E+02  .6550E+02  .2593E+03  .8480E+02  .3007E+00  .6673E+04  .6323E+06  .2796E+02  .4007E+00
  .2004717896E+04   .2004752049E+04  .3300E+03  .7464E+09  .1987E+11  .2620E+04  .6500E+02  .1273E+12  .4764E+02 -.3240E+02  .1330E+02 -.3000E+02  .4450E+02  .2628E+03  .5507E+02  .1700E+00  .2375E+04  .1229E+06  .2796E+02  .4007E+00
  .2004769126E+04   .2004770492E+04  .7200E+02  .7730E+08  .1405E+10  .3950E+03  .4000E+02  .1274E+12  .3292E+02 -.9540E+02  .2400E+02 -.9190E+02  .3360E+02  .2815E+03  .1180E+02  .1787E+00  .1127E+04  .3982E+05  .2796E+02  .4007E+00
  .2004773224E+04   .2004777322E+04  .4800E+02  .7802E+08  .1665E+10  .3300E+03  .4500E+02  .1274E+12  .4125E+02 -.6520E+02  .3000E+02 -.6050E+02  .3850E+02  .2830E+03  .1072E+02  .2553E+00  .1706E+04  .7078E+05  .2796E+02  .4007E+00
  .2004901639E+04   .2004911885E+04  .2340E+03  .2593E+09  .4788E+10  .1305E+04  .4500E+02  .1277E+12  .3346E+02 -.4000E+02  .2800E+02 -.5140E+02  .2610E+02  .3300E+03  .2420E+02  .1062E+00  .1163E+04  .4176E+05  .2796E+02  .4007E+00
  .2005434932E+04   .2005441096E+04  .1380E+03  .1818E+09  .4256E+10  .7900E+03  .6000E+02  .1279E+12  .3435E+02 -.8400E+02  .1690E+02 -.7760E+02  .4480E+02  .1588E+03  .3249E+02  .2461E+00  .1383E+04  .6295E+05  .2816E+02  .6016E+00
  .2005489726E+04   .2005490411E+04  .3600E+02  .3329E+08  .5494E+09  .1850E+03  .3500E+02  .1279E+12  .3083E+02 -.9540E+02  .1970E+02 -.9850E+02  .2200E+02  .1788E+03  .3768E+01  .1256E+00  .9708E+03  .3115E+05  .2816E+02  .6016E+00
  .2005503425E+04   .2005509589E+04  .1860E+03  .1815E+09  .3696E+10  .9300E+03  .6500E+02  .1281E+12  .3000E+02 -.8670E+02  .1830E+02 -.6250E+02  .4850E+02  .1838E+03  .4328E+02  .2404E+00  .1024E+04  .4055E+05  .2816E+02  .6016E+00
  .2005506164E+04   .2005516438E+04  .3300E+03  .1118E+10  .5745E+11  .2425E+04  .1300E+03  .1292E+12  .4409E+02 -.6080E+02  .1200E+02 -.7980E+02  .4580E+02  .1848E+03  .5464E+02  .1687E+00  .3558E+04  .3553E+06  .2816E+02  .6016E+00
  .2005523288E+04   .2005539726E+04  .2580E+03  .1906E+10  .1055E+12  .3450E+04  .1400E+03  .1311E+12  .8023E+02 -.4240E+02  .1070E+02 -.1011E+03  .2500E+02  .1910E+03  .5887E+02  .2336E+00  .7757E+04  .8341E+06  .2816E+02  .6016E+00
  .2005552740E+04   .2005557534E+04  .2280E+03  .4422E+09  .1062E+11  .1695E+04  .6000E+02  .1316E+12  .4461E+02 -.7500E+02  .2500E+02 -.4600E+02  .4750E+02  .2018E+03  .3798E+02  .1711E+00  .2036E+04  .9506E+05  .2816E+02  .6016E+00
  .2005558219E+04   .2005561644E+04  .5400E+02  .4987E+08  .8405E+09  .2750E+03  .4000E+02  .1316E+12  .3056E+02 -.9290E+02  .1930E+02 -.1014E+03  .2250E+02  .2038E+03  .8778E+01  .1829E+00  .9694E+03  .3176E+05  .2816E+02  .6016E+00
  .2005585616E+04   .2005591096E+04  .2760E+03  .4997E+09  .1192E+11  .1955E+04  .5500E+02  .1321E+12  .4250E+02 -.6880E+02  .2820E+02 -.3250E+02  .4200E+02  .2138E+03  .4165E+02  .1543E+00  .1901E+04  .8811E+05  .2816E+02  .6016E+00
  .2005591096E+04   .2005623973E+04  .3360E+03  .8542E+09  .2740E+11  .2690E+04  .9000E+02  .1330E+12  .4804E+02 -.3350E+02  .1290E+02 -.4890E+02  .4330E+02  .2158E+03  .6285E+02  .1905E+00  .2669E+04  .1664E+06  .2816E+02  .6016E+00
  .2005639726E+04   .2005641096E+04  .3000E+02  .3429E+08  .6453E+09  .1700E+03  .4500E+02  .1330E+12  .3400E+02 -.9450E+02  .1940E+02 -.9770E+02  .1970E+02  .2335E+03  .3062E+01  .1276E+00  .1200E+04  .4390E+05  .2816E+02  .6016E+00
  .2005643151E+04   .2005656849E+04  .1860E+03  .1178E+10  .6535E+11  .2235E+04  .1500E+03  .1342E+12  .7210E+02 -.7510E+02  .2310E+02 -.8290E+02  .4010E+02  .2348E+03  .3047E+02  .1693E+00  .6648E+04  .7171E+06  .2816E+02  .6016E+00
  .2005656164E+04   .2005664384E+04  .1560E+03  .1025E+09  .1432E+10  .6750E+03  .3500E+02  .1343E+12  .2596E+02 -.4510E+02  .1400E+02 -.5390E+02  .3740E+02  .2395E+03  .3018E+02  .2012E+00  .6894E+03  .1874E+05  .2816E+02  .6016E+00
  .2005667123E+04   .2005679452E+04  .3060E+03  .1116E+10  .3894E+11  .3050E+04  .1000E+03  .1354E+12  .5980E+02 -.4550E+02  .1880E+02  .0000E+00  .6300E+02  .2435E+03  .6788E+02  .2263E+00  .3829E+04  .2597E+06  .2816E+02  .6016E+00
  .2005678767E+04   .2005687671E+04  .1740E+03  .4932E+09  .1545E+11  .1520E+04  .8000E+02  .1359E+12  .5241E+02 -.6700E+02  .2840E+02 -.2500E+02  .4600E+02  .2478E+03  .4038E+02  .2403E+00  .2976E+04  .1812E+06  .2816E+02  .6016E+00
  .2005680137E+04   .2005693836E+04  .4080E+03  .1105E+10  .3305E+11  .3505E+04  .7500E+02  .1370E+12  .5154E+02 -.7860E+02  .2580E+02  .6600E+01  .6880E+02  .2483E+03  .7774E+02  .1934E+00  .2842E+04  .1653E+06  .2816E+02  .6016E+00
  .2005710959E+04   .2005717808E+04  .1680E+03  .3644E+09  .1004E+11  .1280E+04  .7000E+02  .1373E+12  .4571E+02 -.5450E+02  .1330E+02 -.6280E+02  .2860E+02  .2595E+03  .2376E+02  .1467E+00  .2277E+04  .1220E+06  .2816E+02  .6016E+00
  .2005712329E+04   .2005723973E+04  .2040E+03  .1466E+10  .8700E+11  .2570E+04  .1550E+03  .1388E+12  .7559E+02 -.6990E+02  .2130E+02 -.8800E+02  .3950E+02  .2600E+03  .3570E+02  .1803E+00  .7546E+04  .8703E+06  .2816E+02  .6016E+00
  .2005749315E+04   .2005757534E+04  .9600E+02  .1623E+09  .4104E+10  .6400E+03  .7000E+02  .1390E+12  .4000E+02 -.8560E+02  .1890E+02 -.9700E+02  .1690E+02  .2735E+03  .1225E+02  .1361E+00  .1775E+04  .8725E+05  .2816E+02  .6016E+00
  .2005756164E+04   .2005758219E+04  .4200E+02  .5873E+08  .1197E+10  .2650E+03  .4500E+02  .1390E+12  .3786E+02 -.3180E+02  .3380E+02 -.2300E+02  .4360E+02  .2760E+03  .1264E+02  .3511E+00  .1468E+04  .5816E+05  .2816E+02  .6016E+00
  .2005759589E+04   .2005760959E+04  .4800E+02  .5173E+08  .1035E+10  .2500E+03  .4500E+02  .1391E+12  .3125E+02 -.7970E+02  .2730E+02 -.8560E+02  .3030E+02  .2773E+03  .8630E+01  .2055E+00  .1131E+04  .4400E+05  .2816E+02  .6016E+00
  .2005767808E+04   .2005771918E+04  .8400E+02  .1685E+09  .4291E+10  .6250E+03  .6500E+02  .1393E+12  .4464E+02 -.2060E+02  .3290E+02 -.6000E+01  .3770E+02  .2803E+03  .1306E+02  .1674E+00  .2105E+04  .1042E+06  .2816E+02  .6016E+00
  .2005788356E+04   .2005798630E+04  .2700E+03  .2313E+10  .1366E+12  .3900E+04  .1600E+03  .1416E+12  .8667E+02 -.7850E+02  .1760E+02 -.5200E+02  .4550E+02  .2878E+03  .5018E+02  .1901E+00  .8994E+04  .1032E+07  .2816E+02  .6016E+00
  .2005806849E+04   .2005808219E+04  .6000E+02  .6801E+08  .1264E+10  .3400E+03  .4500E+02  .1416E+12  .3400E+02 -.6750E+02  .1580E+02 -.7080E+02  .2790E+02  .2945E+03  .1514E+02  .2804E+00  .1190E+04  .4300E+05  .2816E+02  .6016E+00
  .2005818493E+04   .2005828082E+04  .1080E+03  .3825E+09  .1425E+11  .1025E+04  .1000E+03  .1420E+12  .5694E+02 -.8090E+02  .1040E+02 -.8490E+02  .1270E+02  .2988E+03  .7196E+01  .7055E-01  .3718E+04  .2693E+06  .2816E+02  .6016E+00
  .2005868493E+04   .2005883562E+04  .1980E+03  .1855E+09  .3129E+10  .1020E+04  .4500E+02  .1422E+12  .3091E+02 -.6210E+02  .1320E+02 -.8350E+02  .1540E+02  .3170E+03  .2787E+02  .1452E+00  .9833E+03  .3225E+05  .2816E+02  .6016E+00
  .2005883562E+04   .2005897260E+04  .2520E+03  .5178E+09  .1342E+11  .1890E+04  .6000E+02  .1427E+12  .4500E+02 -.4800E+02  .2700E+02 -.1000E+01  .3530E+02  .3225E+03  .5851E+02  .2379E+00  .2157E+04  .1087E+06  .2816E+02  .6016E+00
  .2005910274E+04   .2005926712E+04  .2580E+03  .7899E+09  .2482E+11  .2360E+04  .7500E+02  .1435E+12  .5488E+02 -.4920E+02  .3150E+02 -.3920E+02  .2470E+02  .3323E+03  .3597E+02  .1427E+00  .3214E+04  .1964E+06  .2816E+02  .6016E+00
  .2005994521E+04   .2006002055E+04  .2160E+03  .3914E+09  .9446E+10  .1525E+04  .5500E+02  .1439E+12  .4236E+02 -.3560E+02  .2390E+02 -.5570E+02  .2630E+02  .3630E+03  .2214E+02  .1054E+00  .1902E+04  .8925E+05  .2816E+02  .6016E+00
  .2006439041E+04   .2006445205E+04  .2220E+03  .3629E+09  .8407E+10  .1490E+04  .6000E+02  .1443E+12  .4027E+02 -.8500E+02  .2000E+02 -.3000E+01  .5700E+02  .1603E+03  .7444E+02  .3446E+00  .1716E+04  .7728E+05  .2799E+02  .4299E+00
  .2006538356E+04   .2006541781E+04  .7800E+02  .7687E+08  .1351E+10  .4100E+03  .4500E+02  .1443E+12  .3154E+02 -.6870E+02  .3720E+02 -.4610E+02  .4980E+02  .1965E+03  .2084E+02  .2894E+00  .1035E+04  .3535E+05  .2799E+02  .4299E+00
  .2006543836E+04   .2006547260E+04  .1020E+03  .1625E+09  .3565E+10  .6850E+03  .5000E+02  .1445E+12  .4029E+02 -.7330E+02  .3230E+02 -.5650E+02  .4850E+02  .1985E+03  .2186E+02  .2277E+00  .1672E+04  .7133E+05  .2799E+02  .4299E+00
  .2006580822E+04   .2006584247E+04  .1380E+03  .1665E+09  .3626E+10  .7650E+03  .5500E+02  .1447E+12  .3326E+02 -.5810E+02  .1630E+02 -.8170E+02  .2320E+02  .2120E+03  .2350E+02  .1780E+00  .1266E+04  .5363E+05  .2799E+02  .4299E+00
  .2006637671E+04   .2006642466E+04  .1560E+03  .1878E+09  .3696E+10  .9000E+03  .4500E+02  .1449E+12  .3462E+02 -.2170E+02  .1160E+02 -.4830E+02  .3210E+02  .2328E+03  .3480E+02  .2320E+00  .1263E+04  .4835E+05  .2799E+02  .4299E+00
  .2006645890E+04   .2006652740E+04  .2580E+03  .4129E+09  .9611E+10  .1700E+04  .6500E+02  .1453E+12  .3953E+02 -.6160E+02  .1270E+02 -.7440E+02  .4650E+02  .2358E+03  .4589E+02  .1821E+00  .1680E+04  .7602E+05  .2799E+02  .4299E+00
  .2006673288E+04   .2006692466E+04  .3720E+03  .9589E+09  .2860E+11  .3105E+04  .8000E+02  .1462E+12  .5008E+02 -.3940E+02  .1410E+02 -.3400E+02  .6200E+02  .2458E+03  .8997E+02  .2458E+00  .2706E+04  .1569E+06  .2799E+02  .4299E+00
  .2006692466E+04   .2006701370E+04  .3420E+03  .1484E+10  .5925E+11  .3635E+04  .1050E+03  .1477E+12  .6377E+02 -.5380E+02  .2020E+02 -.7500E+01  .5050E+02  .2528E+03  .8738E+02  .2601E+00  .4557E+04  .3535E+06  .2799E+02  .4299E+00
  .2006697260E+04   .2006713014E+04  .3720E+03  .1627E+10  .6451E+11  .3985E+04  .1050E+03  .1493E+12  .6427E+02 -.2200E+02  .1190E+02 -.7600E+01  .5630E+02  .2545E+03  .8822E+02  .2410E+00  .4591E+04  .3539E+06  .2799E+02  .4299E+00
  .2006739041E+04   .2006747945E+04  .1440E+03  .4154E+09  .1288E+11  .1275E+04  .7500E+02  .1498E+12  .5313E+02 -.5260E+02  .2610E+02 -.4700E+02  .4950E+02  .2698E+03  .2972E+02  .2153E+00  .3028E+04  .1825E+06  .2799E+02  .4299E+00
  .2007343836E+04   .2007345890E+04  .1860E+03  .2883E+09  .7024E+10  .1180E+04  .6500E+02  .1500E+12  .3806E+02 -.7400E+02  .3550E+02 -.6940E+02  .3180E+02  .1255E+03  .2286E+02  .1270E+00  .1627E+04  .7706E+05  .2767E+02  .1123E+00
  .2007410959E+04   .2007416438E+04  .1380E+03  .1620E+09  .3112E+10  .7900E+03  .5000E+02  .1502E+12  .3435E+02 -.8700E+02  .1810E+02 -.6850E+02  .4750E+02  .1500E+03  .3416E+02  .2588E+00  .1233E+04  .4602E+05  .2767E+02  .1123E+00
  .2007578082E+04   .2007582877E+04  .1380E+03  .3294E+09  .8809E+10  .1135E+04  .6000E+02  .1505E+12  .4935E+02 -.6650E+02  .3550E+02 -.7000E+01  .6600E+02  .2110E+03  .4822E+02  .3653E+00  .2505E+04  .1303E+06  .2767E+02  .1123E+00
  .2007614384E+04   .2007636301E+04  .2400E+03  .2045E+10  .1224E+12  .3435E+04  .1500E+03  .1526E+12  .8588E+02 -.2890E+02  .1220E+02 -.9900E+02  .2050E+02  .2243E+03  .6840E+02  .2923E+00  .8943E+04  .1041E+07  .2767E+02  .1123E+00
  .2007619178E+04   .2007630822E+04  .1200E+03  .9002E+08  .1471E+10  .5400E+03  .5000E+02  .1527E+12  .2700E+02 -.9070E+02  .2370E+02 -.9650E+02  .3590E+02  .2260E+03  .1961E+02  .1720E+00  .7875E+03  .2501E+05  .2767E+02  .1123E+00
  .2007664384E+04   .2007671233E+04  .1560E+03  .1056E+10  .6517E+11  .1815E+04  .1500E+03  .1537E+12  .6981E+02 -.5660E+02  .1150E+02 -.9380E+02  .1770E+02  .2425E+03  .3708E+02  .2472E+00  .7103E+04  .8526E+06  .2767E+02  .1123E+00
  .2007684932E+04   .2007689041E+04  .8400E+02  .1137E+09  .2305E+10  .5200E+03  .5000E+02  .1538E+12  .3714E+02 -.7180E+02  .3010E+02 -.6800E+02  .3840E+02  .2500E+03  .1448E+02  .1857E+00  .1421E+04  .5600E+05  .2767E+02  .1123E+00
  .2007696575E+04   .2007699315E+04  .6000E+02  .1153E+09  .3461E+10  .4050E+03  .8000E+02  .1540E+12  .4050E+02 -.9500E+02  .2730E+02 -.9020E+02  .3270E+02  .2543E+03  .7251E+01  .1343E+00  .2018E+04  .1177E+06  .2767E+02  .1123E+00
  .2007696575E+04   .2007702740E+04  .1560E+03  .1402E+09  .2320E+10  .7850E+03  .4000E+02  .1541E+12  .3019E+02 -.4360E+02  .1300E+02 -.6200E+02  .1910E+02  .2543E+03  .1910E+02  .1273E+00  .9433E+03  .3035E+05  .2767E+02  .1123E+00
  .2007726027E+04   .2007726712E+04  .4800E+02  .5230E+08  .9151E+09  .2700E+03  .3500E+02  .1542E+12  .3375E+02 -.4610E+02  .3620E+02 -.4350E+02  .4100E+02  .2650E+03  .5860E+01  .1395E+00  .1144E+04  .3891E+05  .2767E+02  .1123E+00
  .2007731507E+04   .2007735616E+04  .1140E+03  .2220E+09  .5702E+10  .8300E+03  .6500E+02  .1544E+12  .4368E+02 -.3590E+02  .1000E+02 -.5420E+02  .1680E+02  .2670E+03  .2002E+02  .1853E+00  .2045E+04  .1021E+06  .2767E+02  .1123E+00
  .2007733562E+04   .2007739726E+04  .7800E+02  .1230E+09  .3277E+10  .4850E+03  .7000E+02  .1545E+12  .3731E+02 -.9480E+02  .2180E+02 -.9870E+02  .2070E+02  .2678E+03  .6051E+01  .8405E-01  .1656E+04  .8574E+05  .2767E+02  .1123E+00
  .2007740411E+04   .2007743151E+04  .1860E+03  .1272E+09  .1822E+10  .8200E+03  .3500E+02  .1546E+12  .2645E+02 -.2580E+02  .1400E+02 -.5350E+02  .2460E+02  .2703E+03  .2917E+02  .1620E+00  .7177E+03  .1999E+05  .2767E+02  .1123E+00
  .2007810959E+04   .2007839726E+04  .3180E+03  .6851E+09  .1984E+11  .2355E+04  .7500E+02  .1553E+12  .4443E+02 -.6020E+02  .1800E+02 -.5040E+02  .6420E+02  .2960E+03  .6970E+02  .2234E+00  .2262E+04  .1273E+06  .2767E+02  .1123E+00
  .2007941096E+04   .2007944521E+04  .1440E+03  .1620E+09  .3041E+10  .8100E+03  .5000E+02  .1555E+12  .3375E+02 -.6180E+02  .1830E+02 -.8520E+02  .2630E+02  .3435E+03  .3128E+02  .2267E+00  .1181E+04  .4309E+05  .2767E+02  .1123E+00
