  .1967656849E+04   .1967673288E+04  .1740E+03  .4089E+09  .1170E+11  .1380E+04  .7500E+02  .4089E+09  .4759E+02 -.3580E+02  .1580E+02 -.4570E+02  .4670E+02  .2398E+03  .4330E+02  .2577E+00  .2467E+04  .1373E+06  .2731E+02 -.2445E+00
  .1967678082E+04   .1967717808E+04  .4200E+03  .2791E+10  .1452E+12  .5375E+04  .1400E+03  .3200E+10  .7679E+02 -.5700E+02  .1400E+02 -.1003E+03  .2580E+02  .2475E+03  .4784E+02  .1156E+00  .6975E+04  .7055E+06  .2731E+02 -.2445E+00
  .1967676712E+04   .1967698630E+04  .4080E+03  .1836E+10  .7354E+11  .4410E+04  .9500E+02  .5036E+10  .6485E+02 -.2030E+02  .1540E+02  .1500E+01  .4510E+02  .2470E+03  .9158E+02  .2278E+00  .4724E+04  .3678E+06  .2731E+02 -.2445E+00
  .1967684932E+04   .1967700685E+04  .3300E+03  .8303E+09  .2641E+11  .2605E+04  .7500E+02  .5866E+10  .4736E+02 -.7750E+02  .2850E+02 -.6750E+02  .2950E+02  .2500E+03  .4032E+02  .1245E+00  .2641E+04  .1633E+06  .2731E+02 -.2445E+00
  .1967735616E+04   .1967742466E+04  .1260E+03  .1372E+09  .2501E+10  .7000E+03  .5000E+02  .6003E+10  .3333E+02 -.4700E+02  .1250E+02 -.6550E+02  .1450E+02  .2685E+03  .1831E+02  .1526E+00  .1143E+04  .4051E+05  .2731E+02 -.2445E+00
  .1967750000E+04   .1967753425E+04  .7800E+02  .2156E+09  .6737E+10  .6650E+03  .7500E+02  .6219E+10  .5115E+02 -.9300E+02  .2030E+02 -.9880E+02  .2220E+02  .2738E+03  .7393E+01  .1027E+00  .2902E+04  .1763E+06  .2731E+02 -.2445E+00
  .1967760274E+04   .1967763699E+04  .8400E+02  .9073E+08  .1639E+10  .4650E+03  .4500E+02  .6310E+10  .3321E+02 -.1830E+02  .1700E+02 -.2430E+02  .1970E+02  .2775E+03  .8313E+01  .1066E+00  .1134E+04  .3983E+05  .2731E+02 -.2445E+00
  .1967798630E+04   .1967816438E+04  .3240E+03  .1142E+10  .3902E+11  .3165E+04  .8000E+02  .7451E+10  .5861E+02 -.5400E+02  .2050E+02 -.3680E+02  .4300E+02  .2915E+03  .5246E+02  .1650E+00  .3700E+04  .2458E+06  .2731E+02 -.2445E+00
  .1968415984E+04   .1968422131E+04  .3060E+03  .4482E+09  .1079E+11  .1875E+04  .6500E+02  .7900E+10  .3676E+02 -.8550E+02  .1720E+02 -.7450E+02  .3720E+02  .1523E+03  .3169E+02  .1056E+00  .1538E+04  .7199E+05  .2746E+02 -.9475E-01
  .1968460383E+04   .1968476776E+04  .2220E+03  .4612E+09  .1306E+11  .1610E+04  .6500E+02  .8361E+10  .4351E+02 -.8050E+02  .2400E+02 -.3800E+02  .3900E+02  .1685E+03  .4348E+02  .2013E+00  .2181E+04  .1200E+06  .2746E+02 -.9475E-01
  .1968474727E+04   .1968478142E+04  .9000E+02  .8488E+08  .1634E+10  .4500E+03  .6000E+02  .8446E+10  .3000E+02 -.9600E+02  .2000E+02 -.8000E+02  .4200E+02  .1738E+03  .3040E+02  .3619E+00  .9900E+03  .3705E+05  .2746E+02 -.9475E-01
  .1968606557E+04   .1968618852E+04  .1740E+03  .4022E+09  .1194E+11  .1335E+04  .7000E+02  .8848E+10  .4603E+02 -.7900E+02  .2500E+02 -.2650E+02  .4280E+02  .2220E+03  .5031E+02  .2995E+00  .2427E+04  .1401E+06  .2746E+02 -.9475E-01
  .1968696038E+04   .1968705601E+04  .1860E+03  .2875E+09  .6789E+10  .1190E+04  .5500E+02  .9136E+10  .3839E+02 -.2110E+02  .1270E+02 -.5580E+02  .1780E+02  .2548E+03  .3389E+02  .1883E+00  .1623E+04  .7448E+05  .2746E+02 -.9475E-01
  .1968703552E+04   .1968720628E+04  .2280E+03  .6093E+09  .1817E+11  .1930E+04  .7000E+02  .9745E+10  .5079E+02 -.7300E+02  .3150E+02 -.3500E+02  .4250E+02  .2575E+03  .3917E+02  .1764E+00  .2805E+04  .1627E+06  .2746E+02 -.9475E-01
  .1968728142E+04   .1968739071E+04  .1800E+03  .2156E+09  .4272E+10  .1035E+04  .5000E+02  .9960E+10  .3450E+02 -.7400E+02  .2600E+02 -.3650E+02  .3750E+02  .2665E+03  .3631E+02  .2086E+00  .1258E+04  .4844E+05  .2746E+02 -.9475E-01
  .1968782787E+04   .1968799863E+04  .2040E+03  .6590E+09  .2176E+11  .1890E+04  .7500E+02  .1062E+11  .5559E+02 -.8050E+02  .1400E+02 -.6100E+02  .4600E+02  .2865E+03  .4103E+02  .2072E+00  .3391E+04  .2177E+06  .2746E+02 -.9475E-01
  .1970374658E+04   .1970382877E+04  .2340E+03  .2389E+09  .5019E+10  .1200E+04  .7000E+02  .1086E+11  .3077E+02 -.7900E+02  .1150E+02 -.7550E+02  .3700E+02  .1368E+03  .3427E+02  .1503E+00  .1072E+04  .4377E+05  .2747E+02 -.8798E-01
  .1970545205E+04   .1970551370E+04  .1140E+03  .1535E+09  .3397E+10  .6800E+03  .5500E+02  .1101E+11  .3579E+02 -.8350E+02  .1850E+02 -.8690E+02  .3720E+02  .1990E+03  .2048E+02  .1896E+00  .1413E+04  .6082E+05  .2747E+02 -.8798E-01
  .1970578082E+04   .1970588356E+04  .1440E+03  .5125E+09  .2102E+11  .1305E+04  .1100E+03  .1152E+11  .5438E+02 -.8250E+02  .1850E+02 -.1070E+03  .3230E+02  .2110E+03  .2676E+02  .1939E+00  .3736E+04  .2979E+06  .2747E+02 -.8798E-01
  .1970620548E+04   .1970629452E+04  .9000E+02  .1253E+09  .2863E+10  .5450E+03  .6000E+02  .1165E+11  .3633E+02 -.7550E+02  .2700E+02 -.5600E+02  .4400E+02  .2265E+03  .2783E+02  .3314E+00  .1462E+04  .6491E+05  .2747E+02 -.8798E-01
  .1970626027E+04   .1970634247E+04  .1500E+03  .2429E+09  .5753E+10  .9900E+03  .6000E+02  .1189E+11  .3960E+02 -.4100E+02  .1100E+02 -.7440E+02  .1620E+02  .2285E+03  .3298E+02  .2290E+00  .1700E+04  .7827E+05  .2747E+02 -.8798E-01
  .1970686301E+04   .1970697260E+04  .1200E+03  .3882E+09  .1576E+11  .1025E+04  .1100E+03  .1228E+11  .5125E+02 -.8350E+02  .1530E+02 -.1005E+03  .2420E+02  .2505E+03  .1959E+02  .1718E+00  .3396E+04  .2680E+06  .2747E+02 -.8798E-01
  .1970695890E+04   .1970706849E+04  .1380E+03  .1589E+09  .3330E+10  .7600E+03  .6000E+02  .1244E+11  .3304E+02 -.7750E+02  .2550E+02 -.9720E+02  .3380E+02  .2540E+03  .2185E+02  .1655E+00  .1209E+04  .4925E+05  .2747E+02 -.8798E-01
  .1970735616E+04   .1970736986E+04  .2100E+03  .1858E+09  .3069E+10  .1050E+04  .4500E+02  .1263E+11  .3000E+02 -.7540E+02  .2240E+02 -.9950E+02  .2300E+02  .2685E+03  .2450E+02  .1201E+00  .9286E+03  .2983E+05  .2747E+02 -.8798E-01
  .1970779452E+04   .1970793151E+04  .1380E+03  .4057E+09  .1328E+11  .1215E+04  .9000E+02  .1303E+11  .5283E+02 -.6850E+02  .2450E+02 -.5300E+02  .4700E+02  .2845E+03  .3211E+02  .2433E+00  .3086E+04  .1964E+06  .2747E+02 -.8798E-01
  .1970801370E+04   .1970819178E+04  .1980E+03  .4894E+09  .1354E+11  .1645E+04  .6500E+02  .1352E+11  .4985E+02 -.4800E+02  .3400E+02 -.2500E+02  .4600E+02  .2925E+03  .2637E+02  .1373E+00  .2595E+04  .1396E+06  .2747E+02 -.8798E-01
  .1971505479E+04   .1971511644E+04  .9000E+02  .1433E+09  .3254E+10  .5950E+03  .5500E+02  .1366E+11  .3967E+02 -.7550E+02  .3350E+02 -.4960E+02  .4760E+02  .1845E+03  .2427E+02  .2889E+00  .1672E+04  .7379E+05  .2715E+02 -.4097E+00
  .1971587671E+04   .1971595890E+04  .1020E+03  .2069E+09  .6673E+10  .6700E+03  .7500E+02  .1387E+11  .3941E+02 -.6350E+02  .3100E+02 -.4300E+02  .5800E+02  .2145E+03  .3330E+02  .3469E+00  .2129E+04  .1335E+06  .2715E+02 -.4097E+00
  .1971606849E+04   .1971620548E+04  .1740E+03  .3628E+09  .1079E+11  .1245E+04  .7500E+02  .1423E+11  .4293E+02 -.7990E+02  .2670E+02 -.5770E+02  .4950E+02  .2215E+03  .2947E+02  .1754E+00  .2189E+04  .1266E+06  .2715E+02 -.4097E+00
  .1971628767E+04   .1971634932E+04  .1740E+03  .1683E+09  .3130E+10  .8900E+03  .5500E+02  .1440E+11  .3069E+02 -.5250E+02  .1300E+02 -.8850E+02  .1800E+02  .2295E+03  .3586E+02  .2135E+00  .1016E+04  .3672E+05  .2715E+02 -.4097E+00
  .1971634247E+04   .1971654110E+04  .2160E+03  .2375E+09  .4653E+10  .1180E+04  .5500E+02  .1464E+11  .3278E+02 -.4700E+02  .1150E+02 -.6800E+02  .4800E+02  .2315E+03  .5602E+02  .2668E+00  .1154E+04  .4397E+05  .2715E+02 -.4097E+00
  .1971678767E+04   .1971689726E+04  .3060E+03  .9864E+09  .4039E+11  .2655E+04  .1400E+03  .1563E+11  .5206E+02 -.5800E+02  .1140E+02 -.8470E+02  .3400E+02  .2478E+03  .5742E+02  .1914E+00  .3384E+04  .2694E+06  .2715E+02 -.4097E+00
  .1971672603E+04   .1971688356E+04  .2340E+03  .4275E+09  .1229E+11  .1560E+04  .8000E+02  .1605E+11  .4000E+02 -.8750E+02  .2750E+02 -.1003E+03  .2690E+02  .2455E+03  .1727E+02  .7574E-01  .1918E+04  .1072E+06  .2715E+02 -.4097E+00
  .1971679452E+04   .1971701370E+04  .7080E+03  .2666E+10  .9846E+11  .6960E+04  .9500E+02  .1872E+11  .5898E+02 -.7150E+02  .2550E+02 -.6990E+02  .3570E+02  .2480E+03  .6690E+02  .9530E-01  .3953E+04  .2838E+06  .2715E+02 -.4097E+00
  .1971693151E+04   .1971701370E+04  .1020E+03  .1656E+09  .3750E+10  .6850E+03  .5500E+02  .1888E+11  .4029E+02 -.7200E+02  .2710E+02 -.6900E+02  .4550E+02  .2530E+03  .2011E+02  .2095E+00  .1704E+04  .7504E+05  .2715E+02 -.4097E+00
  .1971695205E+04   .1971714384E+04  .2220E+03  .3099E+09  .7469E+10  .1325E+04  .7000E+02  .1919E+11  .3581E+02 -.4850E+02  .1100E+02 -.8790E+02  .1250E+02  .2538E+03  .3923E+02  .1816E+00  .1466E+04  .6866E+05  .2715E+02 -.4097E+00
  .1971721233E+04   .1971725342E+04  .9000E+02  .1393E+09  .3161E+10  .5850E+03  .5500E+02  .1933E+11  .3900E+02 -.3880E+02  .1150E+02 -.6000E+02  .1940E+02  .2633E+03  .2258E+02  .2688E+00  .1625E+04  .7168E+05  .2715E+02 -.4097E+00
  .1971794521E+04   .1971801370E+04  .9600E+02  .1039E+09  .1942E+10  .5250E+03  .4500E+02  .1944E+11  .3281E+02 -.5850E+02  .2500E+02 -.2890E+02  .4050E+02  .2900E+03  .3155E+02  .3505E+00  .1136E+04  .4127E+05  .2715E+02 -.4097E+00
  .1971864384E+04   .1971873288E+04  .2340E+03  .5368E+09  .1464E+11  .1855E+04  .6000E+02  .1997E+11  .4756E+02 -.7850E+02  .1200E+02 -.9000E+02  .1530E+02  .3155E+03  .2168E+02  .9509E-01  .2408E+04  .1277E+06  .2715E+02 -.4097E+00
  .1972392760E+04   .1972400273E+04  .1440E+03  .1972E+09  .4388E+10  .8700E+03  .6000E+02  .2017E+11  .3625E+02 -.7820E+02  .3120E+02 -.8550E+02  .2780E+02  .1438E+03  .1889E+02  .1369E+00  .1438E+04  .6219E+05  .2730E+02 -.2631E+00
  .1972452186E+04   .1972464481E+04  .2100E+03  .4511E+09  .1289E+11  .1565E+04  .7500E+02  .2062E+11  .4471E+02 -.8900E+02  .2000E+02 -.7450E+02  .4170E+02  .1655E+03  .3034E+02  .1487E+00  .2255E+04  .1253E+06  .2730E+02 -.2631E+00
  .1972640710E+04   .1972655738E+04  .2520E+03  .8226E+09  .2923E+11  .2305E+04  .9000E+02  .2145E+11  .5488E+02 -.6400E+02  .3650E+02 -.3790E+02  .4620E+02  .2345E+03  .3585E+02  .1457E+00  .3427E+04  .2367E+06  .2730E+02 -.2631E+00
  .1972659836E+04   .1972674180E+04  .1740E+03  .3104E+09  .7303E+10  .1230E+04  .6000E+02  .2176E+11  .4241E+02 -.7850E+02  .2900E+02 -.6300E+02  .4700E+02  .2415E+03  .2539E+02  .1511E+00  .1872E+04  .8566E+05  .2730E+02 -.2631E+00
  .1972677596E+04   .1972685792E+04  .2340E+03  .4494E+09  .1180E+11  .1675E+04  .7000E+02  .2221E+11  .4295E+02 -.7940E+02  .2380E+02 -.7950E+02  .3280E+02  .2480E+03  .3589E+02  .1574E+00  .2016E+04  .1029E+06  .2730E+02 -.2631E+00
  .1972717213E+04   .1972721995E+04  .6600E+02  .1530E+09  .4204E+10  .5250E+03  .6000E+02  .2236E+11  .4773E+02 -.5950E+02  .3750E+02 -.3600E+02  .5400E+02  .2625E+03  .2643E+02  .4405E+00  .2434E+04  .1300E+06  .2730E+02 -.2631E+00
  .1972835383E+04   .1972837432E+04  .1500E+03  .1539E+09  .2741E+10  .8050E+03  .4000E+02  .2251E+11  .3220E+02 -.4750E+02  .3500E+02 -.4250E+02  .3250E+02  .3058E+03  .1479E+02  .1027E+00  .1077E+04  .3729E+05  .2730E+02 -.2631E+00
  .1973497945E+04   .1973505479E+04  .1320E+03  .4108E+09  .1337E+11  .1205E+04  .8000E+02  .2292E+11  .5477E+02 -.6780E+02  .2600E+02 -.5650E+02  .5200E+02  .1818E+03  .2783E+02  .2208E+00  .3267E+04  .2066E+06  .2737E+02 -.1934E+00
  .1973576712E+04   .1973579452E+04  .6600E+02  .6173E+08  .1035E+10  .3400E+03  .4000E+02  .2298E+11  .3091E+02 -.7410E+02  .3260E+02 -.6800E+02  .4400E+02  .2105E+03  .1247E+02  .2078E+00  .9818E+03  .3200E+05  .2737E+02 -.1934E+00
  .1973628082E+04   .1973636301E+04  .9600E+02  .2388E+09  .7026E+10  .7850E+03  .8000E+02  .2322E+11  .4906E+02 -.8370E+02  .2050E+02 -.9150E+02  .1720E+02  .2293E+03  .1108E+02  .1231E+00  .2611E+04  .1494E+06  .2737E+02 -.1934E+00
  .1973647945E+04   .1973669178E+04  .2520E+03  .4199E+09  .9825E+10  .1705E+04  .6000E+02  .2364E+11  .4060E+02 -.1400E+02  .1100E+02 -.6620E+02  .1900E+02  .2365E+03  .5283E+02  .2148E+00  .1749E+04  .7957E+05  .2737E+02 -.1934E+00
  .1973667808E+04   .1973672603E+04  .1380E+03  .2681E+09  .6896E+10  .1000E+04  .6000E+02  .2391E+11  .4348E+02 -.8650E+02  .2050E+02 -.1017E+03  .2920E+02  .2438E+03  .2170E+02  .1644E+00  .2039E+04  .1020E+06  .2737E+02 -.1934E+00
  .1973702740E+04   .1973724658E+04  .2220E+03  .8736E+09  .3322E+11  .2250E+04  .1000E+03  .2478E+11  .6081E+02 -.2240E+02  .1050E+02 -.2500E+02  .5550E+02  .2565E+03  .6993E+02  .3237E+00  .4131E+04  .3054E+06  .2737E+02 -.1934E+00
  .1973769178E+04   .1973776027E+04  .1200E+03  .4259E+09  .1402E+11  .1195E+04  .7000E+02  .2521E+11  .5975E+02 -.6580E+02  .3000E+02 -.6500E+01  .4790E+02  .2808E+03  .5047E+02  .4427E+00  .3726E+04  .2384E+06  .2737E+02 -.1934E+00
  .1973789726E+04   .1973796575E+04  .3360E+03  .6541E+09  .1642E+11  .2460E+04  .6000E+02  .2587E+11  .4393E+02 -.8200E+02  .1630E+02 -.4040E+02  .6180E+02  .2883E+03  .5791E+02  .1755E+00  .2044E+04  .9975E+05  .2737E+02 -.1934E+00
  .1974478767E+04   .1974480822E+04  .3600E+02  .6744E+08  .1640E+10  .2600E+03  .5500E+02  .2593E+11  .4333E+02 -.8800E+02  .2400E+02 -.7550E+02  .3350E+02  .1748E+03  .1451E+02  .4835E+00  .1967E+04  .9296E+05  .2706E+02 -.4958E+00
  .1974536986E+04   .1974543836E+04  .1140E+03  .1539E+09  .3101E+10  .7050E+03  .4500E+02  .2609E+11  .3711E+02 -.7500E+02  .2900E+02 -.4700E+02  .4880E+02  .1960E+03  .3126E+02  .2895E+00  .1417E+04  .5552E+05  .2706E+02 -.4958E+00
  .1974606849E+04   .1974617808E+04  .1140E+03  .1828E+09  .3925E+10  .7750E+03  .5000E+02  .2627E+11  .4079E+02 -.7000E+02  .3800E+02 -.6000E+02  .4350E+02  .2215E+03  .1453E+02  .1345E+00  .1683E+04  .7026E+05  .2706E+02 -.4958E+00
  .1974612329E+04   .1974615753E+04  .7800E+02  .1032E+09  .2160E+10  .4700E+03  .5500E+02  .2637E+11  .3615E+02 -.4300E+02  .1050E+02 -.7000E+02  .1050E+02  .2235E+03  .2659E+02  .3693E+00  .1388E+04  .5652E+05  .2706E+02 -.4958E+00
  .1974650685E+04   .1974660959E+04  .1680E+03  .8562E+09  .3805E+11  .1890E+04  .1000E+03  .2723E+11  .6750E+02 -.6900E+02  .2700E+02 -.3600E+02  .4300E+02  .2375E+03  .3432E+02  .2119E+00  .5350E+04  .4622E+06  .2706E+02 -.4958E+00
  .1974658219E+04   .1974669178E+04  .2940E+03  .1512E+10  .7298E+11  .3245E+04  .1300E+03  .2874E+11  .6622E+02 -.5580E+02  .1680E+02 -.9670E+02  .3130E+02  .2403E+03  .4899E+02  .1701E+00  .5398E+04  .5066E+06  .2706E+02 -.4958E+00
  .1974670548E+04   .1974673288E+04  .7200E+02  .1013E+09  .2080E+10  .4550E+03  .4500E+02  .2884E+11  .3792E+02 -.6790E+02  .2720E+02 -.6030E+02  .4420E+02  .2448E+03  .2296E+02  .3479E+00  .1477E+04  .5895E+05  .2706E+02 -.4958E+00
  .1974676027E+04   .1974691781E+04  .2280E+03  .3342E+09  .7517E+10  .1435E+04  .6000E+02  .2918E+11  .3776E+02 -.5050E+02  .1470E+02 -.4800E+02  .4200E+02  .2468E+03  .5090E+02  .2293E+00  .1539E+04  .6728E+05  .2706E+02 -.4958E+00
  .1974702740E+04   .1974714384E+04  .1980E+03  .6246E+09  .2409E+11  .1705E+04  .9500E+02  .2980E+11  .5167E+02 -.6500E+02  .1530E+02 -.1043E+03  .1770E+02  .2565E+03  .3810E+02  .1984E+00  .3311E+04  .2482E+06  .2706E+02 -.4958E+00
  .1974738356E+04   .1974742466E+04  .1620E+03  .3139E+09  .8446E+10  .1155E+04  .6500E+02  .3011E+11  .4278E+02 -.4510E+02  .1070E+02 -.6700E+02  .1300E+02  .2695E+03  .2271E+02  .1456E+00  .2034E+04  .1064E+06  .2706E+02 -.4958E+00
  .1974756164E+04   .1974764384E+04  .1260E+03  .1446E+09  .2677E+10  .7200E+03  .4500E+02  .3026E+11  .3429E+02 -.7520E+02  .2100E+02 -.6300E+02  .3700E+02  .2760E+03  .2601E+02  .2168E+00  .1205E+04  .4336E+05  .2706E+02 -.4958E+00
  .1975484932E+04   .1975494521E+04  .1860E+03  .4158E+09  .1140E+11  .1440E+04  .6000E+02  .3067E+11  .4645E+02 -.7900E+02  .2750E+02 -.4800E+02  .4700E+02  .1770E+03  .3510E+02  .1950E+00  .2347E+04  .1250E+06  .2723E+02 -.3327E+00
  .1975558904E+04   .1975569178E+04  .1200E+03  .2735E+09  .8399E+10  .9000E+03  .7500E+02  .3095E+11  .4500E+02 -.6840E+02  .2600E+02 -.6240E+02  .4720E+02  .2040E+03  .2796E+02  .2453E+00  .2393E+04  .1428E+06  .2723E+02 -.3327E+00
  .1975645205E+04   .1975663014E+04  .1980E+03  .3879E+09  .1366E+11  .1285E+04  .1000E+03  .3134E+11  .3894E+02 -.6980E+02  .2240E+02 -.9900E+02  .2530E+02  .2355E+03  .2855E+02  .1487E+00  .2057E+04  .1408E+06  .2723E+02 -.3327E+00
  .1975656164E+04   .1975669178E+04  .1740E+03  .8106E+09  .3254E+11  .1945E+04  .9500E+02  .3215E+11  .6707E+02 -.4630E+02  .3330E+02 -.4070E+02  .4350E+02  .2395E+03  .1725E+02  .1027E+00  .4891E+04  .3816E+06  .2723E+02 -.3327E+00
  .1975699315E+04   .1975727397E+04  .2820E+03  .6597E+09  .2276E+11  .2095E+04  .1100E+03  .3281E+11  .4457E+02 -.5410E+02  .1750E+02 -.8150E+02  .3750E+02  .2553E+03  .5130E+02  .1859E+00  .2456E+04  .1647E+06  .2723E+02 -.3327E+00
  .1975713014E+04   .1975736986E+04  .2760E+03  .7447E+09  .2594E+11  .2230E+04  .9000E+02  .3355E+11  .4848E+02 -.3350E+02  .1750E+02 -.3400E+02  .4300E+02  .2603E+03  .6612E+02  .2449E+00  .2833E+04  .1918E+06  .2723E+02 -.3327E+00
  .1975725342E+04   .1975752055E+04  .2760E+03  .1313E+10  .5565E+11  .3050E+04  .1200E+03  .3486E+11  .6630E+02 -.3480E+02  .1030E+02 -.4000E+02  .5500E+02  .2648E+03  .7796E+02  .2887E+00  .4996E+04  .4115E+06  .2723E+02 -.3327E+00
  .1975813014E+04   .1975819178E+04  .8400E+02  .9902E+08  .1879E+10  .4850E+03  .4500E+02  .3496E+11  .3464E+02 -.7930E+02  .2910E+02 -.7140E+02  .3690E+02  .2968E+03  .1222E+02  .1566E+00  .1238E+04  .4565E+05  .2723E+02 -.3327E+00
  .1975938356E+04   .1975941096E+04  .1020E+03  .1652E+09  .3823E+10  .6800E+03  .6000E+02  .3513E+11  .4000E+02 -.4290E+02  .4160E+02 -.3450E+02  .3250E+02  .3425E+03  .2524E+02  .2629E+00  .1700E+04  .7649E+05  .2723E+02 -.3327E+00
  .1976386612E+04   .1976394809E+04  .1080E+03  .1372E+09  .2750E+10  .6400E+03  .4500E+02  .3527E+11  .3556E+02 -.8900E+02  .2400E+02 -.6700E+02  .3600E+02  .1415E+03  .2660E+02  .2608E+00  .1333E+04  .5197E+05  .2739E+02 -.1727E+00
  .1976573087E+04   .1976586066E+04  .2220E+03  .2225E+09  .3934E+10  .1175E+04  .4500E+02  .3549E+11  .3176E+02 -.5230E+02  .2800E+02 -.2460E+02  .3820E+02  .2098E+03  .4505E+02  .2086E+00  .1052E+04  .3617E+05  .2739E+02 -.1727E+00
  .1976596311E+04   .1976603825E+04  .1080E+03  .5580E+09  .2497E+11  .1225E+04  .1050E+03  .3605E+11  .6806E+02 -.7280E+02  .2600E+02 -.7240E+02  .4260E+02  .2183E+03  .1936E+02  .1898E+00  .5424E+04  .4719E+06  .2739E+02 -.1727E+00
  .1976629781E+04   .1976641393E+04  .1500E+03  .5084E+09  .1761E+11  .1420E+04  .8000E+02  .3655E+11  .5680E+02 -.6820E+02  .3170E+02 -.4280E+02  .4990E+02  .2305E+03  .2857E+02  .1984E+00  .3558E+04  .2395E+06  .2739E+02 -.1727E+00
  .1976628415E+04   .1976634563E+04  .9000E+02  .8159E+08  .1437E+10  .4450E+03  .4500E+02  .3664E+11  .2967E+02 -.8400E+02  .2600E+02 -.8000E+02  .3350E+02  .2300E+03  .1198E+02  .1426E+00  .9517E+03  .3259E+05  .2739E+02 -.1727E+00
  .1976635246E+04   .1976659836E+04  .3720E+03  .1762E+10  .7103E+11  .4145E+04  .9000E+02  .3840E+11  .6685E+02 -.4800E+02  .1400E+02 -.2400E+02  .4100E+02  .2325E+03  .7099E+02  .1939E+00  .4971E+04  .3897E+06  .2739E+02 -.1727E+00
  .1976654372E+04   .1976667350E+04  .2700E+03  .1064E+10  .3994E+11  .2755E+04  .1000E+03  .3946E+11  .6122E+02 -.3750E+02  .1250E+02 -.2570E+02  .4160E+02  .2395E+03  .5977E+02  .2264E+00  .4136E+04  .3019E+06  .2739E+02 -.1727E+00
  .1976700820E+04   .1976704918E+04  .9000E+02  .6430E+08  .1030E+10  .3900E+03  .4000E+02  .3953E+11  .2600E+02 -.8150E+02  .2800E+02 -.7800E+02  .3700E+02  .2565E+03  .9699E+01  .1155E+00  .7500E+03  .2335E+05  .2739E+02 -.1727E+00
  .1976736339E+04   .1976747268E+04  .2100E+03  .6927E+09  .2473E+11  .1920E+04  .9000E+02  .4022E+11  .5486E+02 -.5800E+02  .2300E+02 -.3500E+02  .3900E+02  .2695E+03  .3234E+02  .1585E+00  .3463E+04  .2404E+06  .2739E+02 -.1727E+00
  .1976808060E+04   .1976812842E+04  .1560E+03  .2856E+09  .7225E+10  .1095E+04  .6500E+02  .4050E+11  .4212E+02 -.5580E+02  .1910E+02 -.3000E+02  .4650E+02  .2958E+03  .3901E+02  .2601E+00  .1922E+04  .9451E+05  .2739E+02 -.1727E+00
  .1977658904E+04   .1977669178E+04  .1200E+03  .7444E+09  .4019E+11  .1440E+04  .1500E+03  .4125E+11  .7200E+02 -.8840E+02  .2690E+02 -.1030E+03  .2200E+02  .2405E+03  .1438E+02  .1261E+00  .6513E+04  .6834E+06  .2737E+02 -.1887E+00
  .1977671918E+04   .1977677397E+04  .1440E+03  .1920E+09  .4516E+10  .8400E+03  .6500E+02  .4144E+11  .3500E+02 -.8630E+02  .2680E+02 -.8020E+02  .3480E+02  .2453E+03  .2002E+02  .1450E+00  .1400E+04  .6400E+05  .2737E+02 -.1887E+00
  .1977678082E+04   .1977686301E+04  .1620E+03  .2831E+09  .7165E+10  .1095E+04  .6500E+02  .4172E+11  .4056E+02 -.8000E+02  .3280E+02 -.5750E+02  .4050E+02  .2475E+03  .2622E+02  .1680E+00  .1834E+04  .9026E+05  .2737E+02 -.1887E+00
  .1977736301E+04   .1977742466E+04  .9000E+02  .2482E+09  .7728E+10  .7650E+03  .7500E+02  .4197E+11  .5100E+02 -.7150E+02  .2850E+02 -.4850E+02  .4950E+02  .2688E+03  .2895E+02  .3447E+00  .2895E+04  .1752E+06  .2737E+02 -.1887E+00
  .1977782877E+04   .1977786986E+04  .6000E+02  .1605E+09  .4941E+10  .5050E+03  .7000E+02  .4213E+11  .5050E+02 -.6290E+02  .2690E+02 -.5830E+02  .4910E+02  .2858E+03  .2335E+02  .4324E+00  .2808E+04  .1681E+06  .2737E+02 -.1887E+00
  .1977791096E+04   .1977794521E+04  .6000E+02  .6901E+08  .1365E+10  .3350E+03  .5000E+02  .4220E+11  .3350E+02 -.8320E+02  .1730E+02 -.8830E+02  .1760E+02  .2888E+03  .4912E+01  .9096E-01  .1208E+04  .4644E+05  .2737E+02 -.1887E+00
  .1978047945E+04   .1978053425E+04  .1140E+03  .1266E+09  .2307E+10  .6400E+03  .4000E+02  .4233E+11  .3368E+02 -.4400E+02  .2200E+02 -.6400E+02  .2100E+02  .1750E+02  .1935E+02  .1791E+00  .1166E+04  .4130E+05  .2733E+02 -.2256E+00
  .1978577397E+04   .1978578082E+04  .3600E+02  .4158E+08  .7868E+09  .2050E+03  .4500E+02  .4237E+11  .3417E+02 -.9700E+02  .2570E+02 -.9920E+02  .2930E+02  .2108E+03  .4108E+01  .1369E+00  .1213E+04  .4460E+05  .2733E+02 -.2256E+00
  .1978593151E+04   .1978599315E+04  .7800E+02  .8873E+08  .1712E+10  .4350E+03  .4500E+02  .4246E+11  .3346E+02 -.9040E+02  .2530E+02 -.9700E+02  .2000E+02  .2165E+03  .8585E+01  .1192E+00  .1194E+04  .4480E+05  .2733E+02 -.2256E+00
  .1978598630E+04   .1978602740E+04  .1140E+03  .2831E+09  .8832E+10  .9050E+03  .8000E+02  .4274E+11  .4763E+02 -.3500E+02  .1300E+02 -.6880E+02  .1220E+02  .2185E+03  .3323E+02  .3076E+00  .2607E+04  .1581E+06  .2733E+02 -.2256E+00
  .1978650685E+04   .1978657534E+04  .8400E+02  .6873E+08  .1171E+10  .3950E+03  .5000E+02  .4281E+11  .2821E+02 -.8840E+02  .2340E+02 -.9270E+02  .3420E+02  .2375E+03  .1438E+02  .1843E+00  .8589E+03  .2846E+05  .2733E+02 -.2256E+00
  .1978660274E+04   .1978675342E+04  .1620E+03  .1109E+10  .5507E+11  .2150E+04  .1200E+03  .4392E+11  .7963E+02 -.5970E+02  .2620E+02 -.4500E+02  .4900E+02  .2410E+03  .4081E+02  .2616E+00  .7189E+04  .6938E+06  .2733E+02 -.2256E+00
  .1978673973E+04   .1978698630E+04  .3000E+03  .7429E+09  .2384E+11  .2365E+04  .8500E+02  .4466E+11  .4730E+02 -.3900E+02  .1200E+02 -.1900E+02  .5150E+02  .2460E+03  .7294E+02  .2481E+00  .2600E+04  .1622E+06  .2733E+02 -.2256E+00
  .1978700685E+04   .1978713014E+04  .1560E+03  .6904E+09  .3064E+11  .1600E+04  .1150E+03  .4535E+11  .6154E+02 -.6250E+02  .1100E+02 -.9300E+02  .1570E+02  .2558E+03  .3067E+02  .2045E+00  .4646E+04  .4008E+06  .2733E+02 -.2256E+00
  .1978695890E+04   .1978714384E+04  .2340E+03  .3658E+09  .8440E+10  .1520E+04  .5500E+02  .4572E+11  .3897E+02 -.8000E+02  .2980E+02 -.2300E+02  .6100E+02  .2540E+03  .6259E+02  .2745E+00  .1641E+04  .7361E+05  .2733E+02 -.2256E+00
  .1978752055E+04   .1978758219E+04  .8400E+02  .1009E+09  .1924E+10  .4900E+03  .4500E+02  .4582E+11  .3500E+02 -.3150E+02  .3170E+02 -.2620E+02  .4300E+02  .2745E+03  .1241E+02  .1591E+00  .1261E+04  .4673E+05  .2733E+02 -.2256E+00
  .1978766438E+04   .1978769863E+04  .9600E+02  .1503E+09  .3244E+10  .6400E+03  .4500E+02  .4597E+11  .4000E+02 -.5560E+02  .1800E+02 -.6990E+02  .3020E+02  .2798E+03  .2160E+02  .2400E+00  .1644E+04  .6897E+05  .2733E+02 -.2256E+00
  .1978823973E+04   .1978828767E+04  .1440E+03  .2946E+09  .7860E+10  .1070E+04  .7000E+02  .4626E+11  .4458E+02 -.7270E+02  .2350E+02 -.2700E+02  .5000E+02  .3008E+03  .4783E+02  .3466E+00  .2148E+04  .1114E+06  .2733E+02 -.2256E+00
  .1982417808E+04   .1982421233E+04  .1020E+03  .1540E+09  .4030E+10  .6200E+03  .7500E+02  .4642E+11  .3647E+02 -.8710E+02  .2170E+02 -.8260E+02  .2550E+02  .1525E+03  .8348E+01  .8696E-01  .1585E+04  .8063E+05  .2731E+02 -.2534E+00
  .1982460274E+04   .1982462329E+04  .7200E+02  .2030E+09  .6029E+10  .6350E+03  .6000E+02  .4662E+11  .5292E+02 -.8640E+02  .2580E+02 -.5600E+02  .4540E+02  .1680E+03  .3143E+02  .4763E+00  .2960E+04  .1709E+06  .2731E+02 -.2534E+00
  .1982656164E+04   .1982665753E+04  .2220E+03  .3967E+09  .1006E+11  .1529E+04  .6300E+02  .4702E+11  .4132E+02 -.2220E+02  .1370E+02 -.6360E+02  .2000E+02  .2395E+03  .4029E+02  .1865E+00  .1876E+04  .9248E+05  .2731E+02 -.2534E+00
  .1982687671E+04   .1982694521E+04  .9600E+02  .1187E+09  .2466E+10  .5550E+03  .5500E+02  .4714E+11  .3469E+02 -.9100E+02  .2620E+02 -.9180E+02  .3480E+02  .2510E+03  .1114E+02  .1237E+00  .1298E+04  .5243E+05  .2731E+02 -.2534E+00
  .1982700000E+04   .1982712329E+04  .1800E+03  .1073E+10  .4953E+11  .2240E+04  .1150E+03  .4821E+11  .7467E+02 -.6950E+02  .1980E+02 -.1900E+02  .5150E+02  .2555E+03  .5558E+02  .3194E+00  .6255E+04  .5616E+06  .2731E+02 -.2534E+00
  .1982746575E+04   .1982750685E+04  .6600E+02  .1187E+09  .2868E+10  .4650E+03  .6000E+02  .4833E+11  .4227E+02 -.6540E+02  .2480E+02 -.5800E+02  .3200E+02  .2725E+03  .1345E+02  .2241E+00  .1889E+04  .8867E+05  .2731E+02 -.2534E+00
  .1984629098E+04   .1984635246E+04  .8400E+02  .1117E+09  .2309E+10  .5100E+03  .5000E+02  .4844E+11  .3643E+02 -.6500E+02  .3300E+02 -.3800E+02  .4850E+02  .2303E+03  .2592E+02  .3323E+00  .1396E+04  .5609E+05  .2707E+02 -.4928E+00
  .1984657787E+04   .1984660519E+04  .1980E+03  .1742E+09  .2884E+10  .9850E+03  .4500E+02  .4861E+11  .2985E+02 -.5100E+02  .1050E+02 -.6850E+02  .2500E+02  .2408E+03  .2385E+02  .1242E+00  .9235E+03  .2972E+05  .2707E+02 -.4928E+00
  .1984662568E+04   .1984665301E+04  .1320E+03  .9402E+08  .1397E+10  .5900E+03  .3500E+02  .4871E+11  .2682E+02 -.4100E+02  .1310E+02 -.4200E+02  .3200E+02  .2425E+03  .2976E+02  .2362E+00  .7477E+03  .2160E+05  .2707E+02 -.4928E+00
  .1984663934E+04   .1984670765E+04  .7200E+02  .1110E+09  .2401E+10  .4750E+03  .5000E+02  .4882E+11  .3958E+02 -.6690E+02  .3660E+02 -.4890E+02  .4620E+02  .2430E+03  .1673E+02  .2535E+00  .1619E+04  .6805E+05  .2707E+02 -.4928E+00
  .1984687158E+04   .1984696721E+04  .1920E+03  .8885E+09  .3634E+11  .2130E+04  .1150E+03  .4971E+11  .6656E+02 -.7740E+02  .2850E+02 -.5780E+02  .4600E+02  .2515E+03  .3008E+02  .1617E+00  .4858E+04  .3863E+06  .2707E+02 -.4928E+00
  .1984702186E+04   .1984704918E+04  .4200E+02  .5730E+08  .1243E+10  .2550E+03  .5500E+02  .4977E+11  .3643E+02 -.9610E+02  .2030E+02 -.9570E+02  .2000E+02  .2570E+03  .1251E+01  .3475E-01  .1432E+04  .6038E+05  .2707E+02 -.4928E+00
  .1984706284E+04   .1984712432E+04  .1260E+03  .2182E+09  .5226E+10  .8650E+03  .5500E+02  .4998E+11  .4119E+02 -.2130E+02  .1370E+02 -.4300E+02  .2000E+02  .2585E+03  .2377E+02  .1980E+00  .1818E+04  .8464E+05  .2707E+02 -.4928E+00
  .1984709699E+04   .1984715164E+04  .6600E+02  .7587E+08  .1439E+10  .3750E+03  .4500E+02  .5006E+11  .3409E+02 -.6550E+02  .2860E+02 -.6260E+02  .3460E+02  .2598E+03  .6704E+01  .1117E+00  .1207E+04  .4449E+05  .2707E+02 -.4928E+00
  .1984726776E+04   .1984734290E+04  .2400E+03  .4412E+09  .1065E+11  .1720E+04  .6500E+02  .5050E+11  .4300E+02 -.5830E+02  .3130E+02 -.3500E+02  .4320E+02  .2660E+03  .4233E+02  .1809E+00  .1930E+04  .9053E+05  .2707E+02 -.4928E+00
  .1984733607E+04   .1984738388E+04  .1500E+03  .2412E+09  .5324E+10  .1010E+04  .5000E+02  .5074E+11  .4040E+02 -.7300E+02  .2340E+02 -.6210E+02  .3680E+02  .2685E+03  .2972E+02  .2064E+00  .1688E+04  .7244E+05  .2707E+02 -.4928E+00
  .1984765710E+04   .1984778689E+04  .3360E+03  .1215E+10  .4335E+11  .3285E+04  .9000E+02  .5196E+11  .5866E+02 -.6890E+02  .2410E+02 -.3950E+02  .4330E+02  .2803E+03  .5148E+02  .1560E+00  .3797E+04  .2633E+06  .2707E+02 -.4928E+00
  .1984846311E+04   .1984854508E+04  .1980E+03  .7576E+09  .2719E+11  .1990E+04  .8000E+02  .5271E+11  .6030E+02 -.6880E+02  .1470E+02 -.4700E+02  .4200E+02  .3098E+03  .3767E+02  .1962E+00  .4017E+04  .2802E+06  .2707E+02 -.4928E+00
  .1984946721E+04   .1984968579E+04  .2940E+03  .9366E+09  .2884E+11  .2795E+04  .7000E+02  .5365E+11  .5704E+02 -.6050E+02  .3450E+02 -.6940E+02  .1920E+02  .3465E+03  .5734E+02  .1991E+00  .3344E+04  .2002E+06  .2707E+02 -.4928E+00
  .1985536301E+04   .1985545205E+04  .9600E+02  .1713E+09  .4098E+10  .6750E+03  .6000E+02  .5382E+11  .4219E+02 -.6420E+02  .2940E+02 -.5450E+02  .4800E+02  .1958E+03  .2322E+02  .2580E+00  .1873E+04  .8712E+05  .2733E+02 -.2322E+00
  .1985551370E+04   .1985560959E+04  .1200E+03  .1959E+09  .4847E+10  .7850E+03  .6500E+02  .5402E+11  .3925E+02 -.8500E+02  .2600E+02 -.7950E+02  .3830E+02  .2013E+03  .1643E+02  .1441E+00  .1714E+04  .8243E+05  .2733E+02 -.2322E+00
  .1985604795E+04   .1985620548E+04  .1800E+03  .4401E+09  .1296E+11  .1450E+04  .7500E+02  .5446E+11  .4833E+02 -.8050E+02  .3150E+02 -.2250E+02  .4450E+02  .2208E+03  .5041E+02  .2897E+00  .2567E+04  .1469E+06  .2733E+02 -.2322E+00
  .1985610959E+04   .1985620548E+04  .2160E+03  .3019E+09  .8087E+10  .1245E+04  .8000E+02  .5476E+11  .3458E+02 -.8070E+02  .1850E+02 -.6940E+02  .4040E+02  .2230E+03  .3912E+02  .1863E+00  .1467E+04  .7641E+05  .2733E+02 -.2322E+00
  .1985654795E+04   .1985667808E+04  .1920E+03  .9411E+09  .4299E+11  .2060E+04  .1100E+03  .5570E+11  .6438E+02 -.7400E+02  .1980E+02 -.9140E+02  .3880E+02  .2390E+03  .3467E+02  .1864E+00  .5145E+04  .4569E+06  .2733E+02 -.2322E+00
  .1985706164E+04   .1985710959E+04  .9600E+02  .2080E+09  .5477E+10  .7400E+03  .5500E+02  .5591E+11  .4625E+02 -.7080E+02  .2360E+02 -.4250E+02  .3210E+02  .2578E+03  .2653E+02  .2948E+00  .2275E+04  .1164E+06  .2733E+02 -.2322E+00
  .1985708219E+04   .1985732192E+04  .3780E+03  .1495E+10  .6154E+11  .3745E+04  .1250E+03  .5740E+11  .5944E+02 -.2360E+02  .1330E+02 -.2900E+02  .5660E+02  .2585E+03  .1001E+03  .2690E+00  .4152E+04  .3323E+06  .2733E+02 -.2322E+00
  .1985722603E+04   .1985727397E+04  .8400E+02  .9273E+08  .1750E+10  .4650E+03  .5000E+02  .5750E+11  .3321E+02 -.7430E+02  .2960E+02 -.7180E+02  .4130E+02  .2638E+03  .1225E+02  .1571E+00  .1159E+04  .4251E+05  .2733E+02 -.2322E+00
  .1985764384E+04   .1985769178E+04  .2100E+03  .2925E+09  .6893E+10  .1255E+04  .6000E+02  .5779E+11  .3586E+02 -.6920E+02  .1780E+02 -.7270E+02  .3580E+02  .2790E+03  .2972E+02  .1457E+00  .1462E+04  .6698E+05  .2733E+02 -.2322E+00
  .1985816438E+04   .1985823288E+04  .1680E+03  .4812E+09  .1486E+11  .1480E+04  .7500E+02  .5827E+11  .5286E+02 -.9050E+02  .2450E+02 -.8710E+02  .3680E+02  .2980E+03  .2454E+02  .1515E+00  .3007E+04  .1806E+06  .2733E+02 -.2322E+00
  .1985873288E+04   .1985886301E+04  .1980E+03  .1097E+10  .4781E+11  .2405E+04  .1050E+03  .5937E+11  .7288E+02 -.6380E+02  .2110E+02 -.7050E+02  .3350E+02  .3188E+03  .4118E+02  .2145E+00  .5816E+04  .4928E+06  .2733E+02 -.2322E+00
  .1986424658E+04   .1986428767E+04  .9600E+02  .1455E+09  .3089E+10  .6300E+03  .4500E+02  .5951E+11  .3938E+02 -.7580E+02  .2620E+02 -.6890E+02  .3960E+02  .1550E+03  .1676E+02  .1862E+00  .1591E+04  .6567E+05  .2722E+02 -.3410E+00
  .1986476027E+04   .1986482877E+04  .1200E+03  .1993E+09  .5708E+10  .7350E+03  .7500E+02  .5971E+11  .3675E+02 -.8720E+02  .2560E+02 -.9000E+02  .3720E+02  .1738E+03  .1695E+02  .1487E+00  .1744E+04  .9707E+05  .2722E+02 -.3410E+00
  .1986615068E+04   .1986627397E+04  .4020E+03  .6639E+09  .1635E+11  .2610E+04  .7000E+02  .6038E+11  .3896E+02 -.8400E+02  .3010E+02  .8000E+01  .5620E+02  .2245E+03  .7681E+02  .1940E+00  .1734E+04  .8299E+05  .2722E+02 -.3410E+00
  .1986682877E+04   .1986685616E+04  .8400E+02  .1185E+09  .2521E+10  .5250E+03  .5000E+02  .6050E+11  .3750E+02 -.5200E+02  .1050E+02 -.7850E+02  .1480E+02  .2493E+03  .2630E+02  .3372E+00  .1480E+04  .6126E+05  .2722E+02 -.3410E+00
  .1986692466E+04   .1986697945E+04  .2280E+03  .1223E+10  .4997E+11  .2785E+04  .9000E+02  .6172E+11  .7329E+02 -.5080E+02  .2180E+02 -.3400E+02  .5600E+02  .2528E+03  .4696E+02  .2115E+00  .5631E+04  .4473E+06  .2722E+02 -.3410E+00
  .1986881507E+04   .1986886301E+04  .7800E+02  .2275E+09  .7191E+10  .6900E+03  .7500E+02  .6195E+11  .5308E+02 -.6280E+02  .2280E+02 -.5790E+02  .3110E+02  .3218E+03  .1002E+02  .1392E+00  .3062E+04  .1881E+06  .2722E+02 -.3410E+00
  .1988594945E+04   .1988599727E+04  .7800E+02  .5944E+08  .9173E+09  .3600E+03  .3500E+02  .6201E+11  .2769E+02 -.7750E+02  .3200E+02 -.5600E+02  .5100E+02  .2178E+03  .2492E+02  .3462E+00  .8000E+03  .2400E+05  .2754E+02 -.2283E-01
  .1988601093E+04   .1988603825E+04  .7200E+02  .8488E+08  .1660E+10  .4100E+03  .4500E+02  .6209E+11  .3417E+02 -.9030E+02  .3040E+02 -.9320E+02  .3170E+02  .2200E+03  .6044E+01  .9157E-01  .1238E+04  .4704E+05  .2754E+02 -.2283E-01
  .1988637978E+04   .1988657104E+04  .2280E+03  .1825E+09  .2847E+10  .1085E+04  .4500E+02  .6227E+11  .2855E+02 -.4330E+02  .1490E+02 -.6000E+02  .4650E+02  .2335E+03  .6663E+02  .3002E+00  .8401E+03  .2548E+05  .2754E+02 -.2283E-01
  .1988665984E+04   .1988671448E+04  .1980E+03  .2060E+09  .4272E+10  .1030E+04  .6500E+02  .6248E+11  .3121E+02 -.9100E+02  .2010E+02 -.1090E+03  .2400E+02  .2438E+03  .2035E+02  .1060E+00  .1092E+04  .4403E+05  .2754E+02 -.2283E-01
  .1988672131E+04   .1988677596E+04  .5400E+02  .8588E+08  .1978E+10  .3550E+03  .5500E+02  .6256E+11  .3944E+02 -.6050E+02  .3250E+02 -.2970E+02  .4310E+02  .2460E+03  .2709E+02  .5643E+00  .1669E+04  .7474E+05  .2754E+02 -.2283E-01
  .1988683060E+04   .1988687158E+04  .7800E+02  .1107E+09  .2408E+10  .4850E+03  .5000E+02  .6268E+11  .3731E+02 -.1750E+02  .1250E+02 -.2300E+02  .2500E+02  .2500E+03  .1376E+02  .1911E+00  .1490E+04  .6301E+05  .2754E+02 -.2283E-01
  .1988683743E+04   .1988691257E+04  .1080E+03  .1940E+09  .5193E+10  .7200E+03  .7000E+02  .6287E+11  .4000E+02 -.9200E+02  .2280E+02 -.9450E+02  .3300E+02  .2503E+03  .1508E+02  .1478E+00  .1886E+04  .9813E+05  .2754E+02 -.2283E-01
  .1988687842E+04   .1988702186E+04  .2760E+03  .1930E+10  .1126E+12  .3425E+04  .1600E+03  .6480E+11  .7446E+02 -.5400E+02  .1200E+02 -.8650E+02  .4340E+02  .2518E+03  .7208E+02  .2670E+00  .7341E+04  .8326E+06  .2754E+02 -.2283E-01
  .1988717896E+04   .1988728825E+04  .2640E+03  .1838E+10  .8919E+11  .3611E+04  .1250E+03  .6664E+11  .8207E+02 -.3160E+02  .1340E+02 -.3000E+02  .5500E+02  .2628E+03  .6120E+02  .2372E+00  .7307E+04  .6894E+06  .2754E+02 -.2283E-01
  .1988742486E+04   .1988748634E+04  .7200E+02  .6316E+08  .1021E+10  .3600E+03  .4000E+02  .6670E+11  .3000E+02 -.4550E+02  .9000E+01 -.6120E+02  .1200E+02  .2718E+03  .1588E+02  .2406E+00  .9208E+03  .2894E+05  .2754E+02 -.2283E-01
  .1988775273E+04   .1988806694E+04  .3060E+03  .1364E+10  .5983E+11  .3220E+04  .1250E+03  .6806E+11  .6314E+02 -.4220E+02  .8900E+01 -.8680E+02  .1220E+02  .2838E+03  .4529E+02  .1510E+00  .4680E+04  .3990E+06  .2754E+02 -.2283E-01
  .1988879098E+04   .1988901639E+04  .2220E+03  .5104E+09  .1410E+11  .1754E+04  .6500E+02  .6857E+11  .4741E+02 -.7430E+02  .1490E+02 -.4600E+02  .5200E+02  .3218E+03  .6953E+02  .3219E+00  .2414E+04  .1296E+06  .2754E+02 -.2283E-01
  .1989478767E+04   .1989484247E+04  .1680E+03  .1386E+09  .2290E+10  .8000E+03  .4500E+02  .6871E+11  .2857E+02 -.9600E+02  .2700E+02 -.9380E+02  .3280E+02  .1748E+03  .1131E+02  .6980E-01  .8661E+03  .2782E+05  .2751E+02 -.4604E-01
  .1989519863E+04   .1989526027E+04  .1080E+03  .1327E+09  .2578E+10  .6350E+03  .4500E+02  .6885E+11  .3528E+02 -.3780E+02  .1280E+02 -.5810E+02  .2330E+02  .1898E+03  .2334E+02  .2288E+00  .1290E+04  .4872E+05  .2751E+02 -.4604E-01
  .1989576712E+04   .1989581507E+04  .9000E+02  .1615E+09  .4566E+10  .5900E+03  .7000E+02  .6901E+11  .3933E+02 -.9000E+02  .2250E+02 -.9850E+02  .3450E+02  .2105E+03  .1442E+02  .1717E+00  .1883E+04  .1035E+06  .2751E+02 -.4604E-01
  .1989578767E+04   .1989597260E+04  .2220E+03  .9281E+09  .3484E+11  .2345E+04  .9000E+02  .6994E+11  .6338E+02 -.4180E+02  .1480E+02 -.4190E+02  .5180E+02  .2113E+03  .6140E+02  .2843E+00  .4389E+04  .3203E+06  .2751E+02 -.4604E-01
  .1989627397E+04   .1989645205E+04  .2220E+03  .8419E+09  .3197E+11  .2180E+04  .9000E+02  .7078E+11  .5892E+02 -.2240E+02  .1430E+02 -.3180E+02  .5190E+02  .2290E+03  .5362E+02  .2482E+00  .3981E+04  .2939E+06  .2751E+02 -.4604E-01
  .1989649315E+04   .1989678767E+04  .3780E+03  .7300E+09  .1946E+11  .2705E+04  .7500E+02  .7151E+11  .4294E+02 -.2100E+02  .1680E+02 -.2900E+02  .4250E+02  .2370E+03  .5563E+02  .1495E+00  .2027E+04  .1051E+06  .2751E+02 -.4604E-01
  .1989661644E+04   .1989676712E+04  .3420E+03  .2220E+10  .1137E+12  .4325E+04  .1250E+03  .7373E+11  .7588E+02 -.2100E+02  .1160E+02 -.5150E+02  .4380E+02  .2415E+03  .6718E+02  .1999E+00  .6814E+04  .6783E+06  .2751E+02 -.4604E-01
  .1989691781E+04   .1989706164E+04  .3660E+03  .2561E+10  .1386E+12  .4755E+04  .1400E+03  .7629E+11  .7795E+02 -.2000E+02  .1320E+02 -.4600E+02  .5800E+02  .2525E+03  .1015E+03  .2818E+00  .7345E+04  .7728E+06  .2751E+02 -.4604E-01
  .1989708904E+04   .1989716438E+04  .1260E+03  .1865E+09  .4257E+10  .7950E+03  .6000E+02  .7647E+11  .3786E+02 -.4400E+02  .1130E+02 -.6700E+02  .2250E+02  .2588E+03  .2707E+02  .2256E+00  .1554E+04  .6895E+05  .2751E+02 -.4604E-01
  .1989779452E+04   .1989789041E+04  .1080E+03  .2419E+09  .6852E+10  .8250E+03  .7500E+02  .7672E+11  .4583E+02 -.9240E+02  .1940E+02 -.9380E+02  .3380E+02  .2845E+03  .1535E+02  .1505E+00  .2351E+04  .1295E+06  .2751E+02 -.4604E-01
  .1989908219E+04   .1989913699E+04  .1440E+03  .1858E+09  .3680E+10  .8700E+03  .5000E+02  .7690E+11  .3625E+02 -.8400E+02  .1710E+02 -.8390E+02  .1650E+02  .3315E+03  .1145E+02  .8294E-01  .1354E+04  .5216E+05  .2751E+02 -.4604E-01
  .1991491781E+04   .1991504795E+04  .1500E+03  .1223E+09  .2176E+10  .6900E+03  .4500E+02  .7702E+11  .2760E+02 -.7800E+02  .2590E+02 -.5070E+02  .3700E+02  .1795E+03  .3507E+02  .2435E+00  .8560E+03  .2961E+05  .2732E+02 -.2410E+00
  .1991621918E+04   .1991630822E+04  .3180E+03  .6224E+09  .2124E+11  .2070E+04  .1000E+03  .7765E+11  .3906E+02 -.7430E+02  .2560E+02 -.9900E+01  .4000E+02  .2270E+03  .6764E+02  .2168E+00  .2055E+04  .1363E+06  .2732E+02 -.2410E+00
  .1991675342E+04   .1991683562E+04  .2520E+03  .8635E+09  .3607E+11  .2195E+04  .1150E+03  .7851E+11  .5226E+02 -.5590E+02  .2670E+02 -.2590E+02  .3700E+02  .2465E+03  .4393E+02  .1786E+00  .3597E+04  .2921E+06  .2732E+02 -.2410E+00
  .1991682192E+04   .1991688356E+04  .1140E+03  .1492E+09  .3005E+10  .6900E+03  .4500E+02  .7866E+11  .3632E+02 -.2580E+02  .1040E+02 -.5810E+02  .1600E+02  .2490E+03  .3254E+02  .3013E+00  .1374E+04  .5380E+05  .2732E+02 -.2410E+00
  .1991686986E+04   .1991691781E+04  .1020E+03  .1439E+09  .3090E+10  .6350E+03  .5000E+02  .7880E+11  .3735E+02 -.4910E+02  .2420E+02 -.2150E+02  .3950E+02  .2508E+03  .3496E+02  .3641E+00  .1481E+04  .6182E+05  .2732E+02 -.2410E+00
  .1991786301E+04   .1991788356E+04  .5400E+02  .7059E+08  .1380E+10  .3300E+03  .4000E+02  .7887E+11  .3667E+02 -.8570E+02  .1890E+02 -.7550E+02  .3000E+02  .2870E+03  .1454E+02  .3029E+00  .1372E+04  .5217E+05  .2732E+02 -.2410E+00
  .1991815753E+04   .1991826027E+04  .1020E+03  .3258E+09  .1085E+11  .9400E+03  .8500E+02  .7920E+11  .5529E+02 -.6490E+02  .2710E+02 -.5900E+02  .3250E+02  .2978E+03  .1565E+02  .1630E+00  .3353E+04  .2171E+06  .2732E+02 -.2410E+00
  .1991823973E+04   .1991834932E+04  .1260E+03  .3319E+09  .9387E+10  .1085E+04  .6500E+02  .7953E+11  .5167E+02 -.5900E+02  .4400E+02 -.6260E+02  .4630E+02  .3008E+03  .3367E+02  .2805E+00  .2765E+04  .1520E+06  .2732E+02 -.2410E+00
  .1992304645E+04   .1992306694E+04  .8400E+02  .9416E+08  .1820E+10  .4650E+03  .4500E+02  .7963E+11  .3321E+02 -.5900E+02  .2400E+02 -.6110E+02  .2570E+02  .1115E+03  .7061E+01  .9053E-01  .1177E+04  .4422E+05  .2742E+02 -.1342E+00
  .1992625000E+04   .1992644126E+04  .2820E+03  .1658E+10  .9311E+11  .3185E+04  .1500E+03  .8128E+11  .6777E+02 -.3550E+02  .1080E+02 -.8400E+02  .3540E+02  .2288E+03  .6685E+02  .2422E+00  .6173E+04  .6738E+06  .2742E+02 -.1342E+00
  .1992712432E+04   .1992723361E+04  .3660E+03  .1383E+10  .5354E+11  .3560E+04  .9500E+02  .8267E+11  .5836E+02 -.5900E+02  .3380E+02 -.2400E+02  .3800E+02  .2608E+03  .4202E+02  .1167E+00  .3968E+04  .2985E+06  .2742E+02 -.1342E+00
  .1992723361E+04   .1992731557E+04  .1800E+03  .7039E+09  .2661E+11  .1820E+04  .9500E+02  .8337E+11  .6067E+02 -.3300E+02  .3000E+02 -.1350E+02  .4950E+02  .2648E+03  .2784E+02  .1600E+00  .4105E+04  .3016E+06  .2742E+02 -.1342E+00
  .1992725410E+04   .1992733607E+04  .1020E+03  .1722E+09  .3886E+10  .7050E+03  .5500E+02  .8354E+11  .4147E+02 -.7460E+02  .3250E+02 -.7650E+02  .4050E+02  .2655E+03  .1045E+02  .1089E+00  .1772E+04  .7776E+05  .2742E+02 -.1342E+00
  .1992737022E+04   .1992750683E+04  .1740E+03  .2489E+09  .5414E+10  .1090E+04  .5500E+02  .8379E+11  .3759E+02 -.6910E+02  .2620E+02 -.6290E+02  .2840E+02  .2698E+03  .2566E+02  .1528E+00  .1502E+04  .6350E+05  .2742E+02 -.1342E+00
  .1992807377E+04   .1992812842E+04  .1860E+03  .4988E+09  .1499E+11  .1585E+04  .7500E+02  .8429E+11  .5113E+02 -.6080E+02  .2630E+02 -.7000E+01  .4300E+02  .2955E+03  .5242E+02  .2912E+00  .2815E+04  .1645E+06  .2742E+02 -.1342E+00
  .1993460274E+04   .1993464384E+04  .8400E+02  .7316E+08  .1164E+10  .4200E+03  .3500E+02  .8436E+11  .3000E+02 -.9190E+02  .2050E+02 -.9830E+02  .2710E+02  .1680E+03  .9373E+01  .1202E+00  .9143E+03  .2829E+05  .2745E+02 -.1089E+00
  .1993590411E+04   .1993595205E+04  .1740E+03  .2579E+09  .5588E+10  .1115E+04  .5000E+02  .8462E+11  .3845E+02 -.4030E+02  .1040E+02 -.8680E+02  .1220E+02  .2155E+03  .4603E+02  .2740E+00  .1556E+04  .6554E+05  .2745E+02 -.1089E+00
  .1993617808E+04   .1993623288E+04  .6600E+02  .7544E+08  .1355E+10  .3800E+03  .4000E+02  .8470E+11  .3455E+02 -.5950E+02  .1410E+02 -.7130E+02  .1880E+02  .2255E+03  .1256E+02  .2093E+00  .1200E+04  .4191E+05  .2745E+02 -.1089E+00
  .1993642466E+04   .1993646575E+04  .1260E+03  .1609E+09  .3239E+10  .7500E+03  .4500E+02  .8486E+11  .3571E+02 -.3080E+02  .1360E+02 -.4450E+02  .2220E+02  .2345E+03  .1685E+02  .1404E+00  .1340E+04  .5246E+05  .2745E+02 -.1089E+00
  .1993640411E+04   .1993665068E+04  .3600E+03  .1353E+10  .5268E+11  .3470E+04  .1000E+03  .8621E+11  .5783E+02 -.5260E+02  .1990E+02 -.4940E+02  .3980E+02  .2338E+03  .5485E+02  .1550E+00  .3946E+04  .2986E+06  .2745E+02 -.1089E+00
  .1993683562E+04   .1993697260E+04  .1380E+03  .4364E+09  .1380E+11  .1290E+04  .7000E+02  .8665E+11  .5609E+02 -.6750E+02  .2470E+02 -.5000E+01  .4800E+02  .2495E+03  .5899E+02  .4469E+00  .3320E+04  .2040E+06  .2745E+02 -.1089E+00
  .1993703425E+04   .1993719863E+04  .1740E+03  .2802E+09  .7750E+10  .1095E+04  .8500E+02  .8693E+11  .3776E+02 -.8070E+02  .1060E+02 -.1047E+03  .2080E+02  .2568E+03  .2727E+02  .1623E+00  .1691E+04  .9089E+05  .2745E+02 -.1089E+00
  .1993714384E+04   .1993719863E+04  .7800E+02  .1427E+09  .3636E+10  .5450E+03  .6500E+02  .8707E+11  .4192E+02 -.6180E+02  .2670E+02 -.4200E+02  .4600E+02  .2608E+03  .2532E+02  .3517E+00  .1921E+04  .9514E+05  .2745E+02 -.1089E+00
  .1994493836E+04   .1994502740E+04  .1860E+03  .1493E+09  .2851E+10  .8150E+03  .5500E+02  .8722E+11  .2629E+02 -.8360E+02  .2170E+02 -.8700E+02  .3300E+02  .1803E+03  .1768E+02  .9820E-01  .8427E+03  .3129E+05  .2727E+02 -.2859E+00
  .1994617808E+04   .1994621918E+04  .1140E+03  .8302E+08  .1552E+10  .4750E+03  .5000E+02  .8730E+11  .2500E+02 -.8720E+02  .2870E+02 -.7200E+02  .4200E+02  .2255E+03  .1970E+02  .1824E+00  .7645E+03  .2778E+05  .2727E+02 -.2859E+00
  .1994623288E+04   .1994630137E+04  .1800E+03  .4387E+09  .1269E+11  .1460E+04  .7000E+02  .8774E+11  .4867E+02 -.3940E+02  .1130E+02 -.5200E+02  .4470E+02  .2275E+03  .4813E+02  .2766E+00  .2558E+04  .1439E+06  .2727E+02 -.2859E+00
  .1994689041E+04   .1994691096E+04  .4200E+02  .8673E+08  .2252E+10  .3150E+03  .6000E+02  .8783E+11  .4500E+02 -.5680E+02  .1310E+02 -.6670E+02  .1550E+02  .2515E+03  .9907E+01  .2752E+00  .2168E+04  .1094E+06  .2727E+02 -.2859E+00
  .1994722603E+04   .1994726027E+04  .1080E+03  .1256E+09  .2516E+10  .6050E+03  .5000E+02  .8795E+11  .3361E+02 -.2990E+02  .1010E+02 -.3320E+02  .1680E+02  .2638E+03  .8921E+01  .8746E-01  .1221E+04  .4755E+05  .2727E+02 -.2859E+00
  .1994835616E+04   .1994852055E+04  .1680E+03  .6439E+09  .2425E+11  .1670E+04  .9500E+02  .8860E+11  .5964E+02 -.4700E+02  .2270E+02 -.3620E+02  .4420E+02  .3050E+03  .3413E+02  .2107E+00  .4023E+04  .2946E+06  .2727E+02 -.2859E+00
  .1994853425E+04   .1994879452E+04  .3240E+03  .5448E+09  .1350E+11  .2165E+04  .7500E+02  .8914E+11  .4009E+02 -.8230E+02  .1190E+02 -.7980E+02  .3410E+02  .3115E+03  .5115E+02  .1608E+00  .1765E+04  .8506E+05  .2727E+02 -.2859E+00
  .1996461066E+04   .1996471995E+04  .1320E+03  .1627E+09  .3195E+10  .7750E+03  .4500E+02  .8931E+11  .3523E+02 -.7780E+02  .2680E+02 -.3700E+02  .4400E+02  .1688E+03  .4186E+02  .3322E+00  .1294E+04  .4939E+05  .2753E+02 -.2667E-01
  .1996508197E+04   .1996519809E+04  .3000E+03  .1134E+10  .4170E+11  .3000E+04  .1000E+03  .9044E+11  .6000E+02 -.3400E+02  .9800E+01 -.3900E+02  .6050E+02  .1860E+03  .9251E+02  .3146E+00  .3968E+04  .2837E+06  .2753E+02 -.2667E-01
  .1996562158E+04   .1996569672E+04  .1020E+03  .2391E+09  .6888E+10  .8050E+03  .7000E+02  .9068E+11  .4735E+02 -.6260E+02  .1180E+02 -.8790E+02  .1310E+02  .2058E+03  .2499E+02  .2603E+00  .2460E+04  .1378E+06  .2753E+02 -.2667E-01
  .1996631831E+04   .1996643443E+04  .1440E+03  .2578E+09  .6692E+10  .9800E+03  .7000E+02  .9094E+11  .4083E+02 -.8020E+02  .1730E+02 -.1073E+03  .2180E+02  .2313E+03  .2606E+02  .1889E+00  .1879E+04  .9483E+05  .2753E+02 -.2667E-01
  .1996633197E+04   .1996648224E+04  .4380E+03  .3045E+10  .1648E+12  .5640E+04  .1250E+03  .9398E+11  .7726E+02 -.1990E+02  .1240E+02 -.4100E+02  .5000E+02  .2318E+03  .9004E+02  .2084E+00  .7297E+04  .7679E+06  .2753E+02 -.2667E-01
  .1996643443E+04   .1996676230E+04  .4260E+03  .1429E+10  .5673E+11  .3750E+04  .1050E+03  .9541E+11  .5282E+02 -.2100E+02  .1400E+02 -.7000E+02  .4670E+02  .2355E+03  .7993E+02  .1903E+00  .3522E+04  .2718E+06  .2753E+02 -.2667E-01
  .1996650273E+04   .1996658470E+04  .1740E+03  .1912E+09  .3391E+10  .9800E+03  .4000E+02  .9560E+11  .3379E+02 -.2300E+02  .1270E+02 -.4770E+02  .2130E+02  .2380E+03  .2817E+02  .1677E+00  .1153E+04  .3977E+05  .2753E+02 -.2667E-01
  .1996673497E+04   .1996699454E+04  .3120E+03  .1348E+10  .5900E+11  .3175E+04  .1200E+03  .9695E+11  .6106E+02 -.4100E+02  .1490E+02 -.5000E+02  .4500E+02  .2465E+03  .6555E+02  .2142E+00  .4536E+04  .3859E+06  .2753E+02 -.2667E-01
  .1996730874E+04   .1996740437E+04  .1980E+03  .7685E+09  .3065E+11  .1930E+04  .1000E+03  .9772E+11  .5848E+02 -.2330E+02  .8600E+01 -.3600E+02  .4300E+02  .2675E+03  .5000E+02  .2604E+00  .4074E+04  .3159E+06  .2753E+02 -.2667E-01
  .1996758880E+04   .1996766393E+04  .2760E+03  .5145E+09  .1236E+11  .1995E+04  .6000E+02  .9823E+11  .4337E+02 -.9620E+02  .2270E+02 -.3050E+02  .6300E+02  .2778E+03  .8409E+02  .3114E+00  .1957E+04  .9139E+05  .2753E+02 -.2667E-01
  .1996777322E+04   .1996778005E+04  .3600E+02  .4401E+08  .8666E+09  .2100E+03  .4500E+02  .9828E+11  .3500E+02 -.8650E+02  .1730E+02 -.8840E+02  .1570E+02  .2845E+03  .2434E+01  .8112E-01  .1283E+04  .4913E+05  .2753E+02 -.2667E-01
  .1996785519E+04   .1996799180E+04  .3540E+03  .1461E+10  .5398E+11  .3740E+04  .1000E+03  .9974E+11  .6339E+02 -.8040E+02  .1280E+02  .1000E+01  .5400E+02  .2875E+03  .8551E+02  .2457E+00  .4334E+04  .3112E+06  .2753E+02 -.2667E-01
  .1996867486E+04   .1996885929E+04  .3240E+03  .4545E+09  .1062E+11  .1945E+04  .6500E+02  .1002E+12  .3602E+02 -.7750E+02  .1050E+02 -.8480E+02  .1960E+02  .3175E+03  .3042E+02  .9566E-01  .1473E+04  .6687E+05  .2753E+02 -.2667E-01
  .2000589481E+04   .2000613388E+04  .5220E+03  .2177E+10  .8398E+11  .5485E+04  .1100E+03  .1024E+12  .6305E+02 -.1800E+02  .1080E+02 -.4900E+01  .7070E+02  .2158E+03  .1216E+03  .2356E+00  .4379E+04  .3283E+06  .2751E+02 -.4769E-01
  .2000616803E+04   .2000619536E+04  .5400E+02  .6987E+08  .1402E+10  .3250E+03  .4500E+02  .1024E+12  .3611E+02 -.9350E+02  .2250E+02 -.9980E+02  .2520E+02  .2258E+03  .6394E+01  .1332E+00  .1358E+04  .5299E+05  .2751E+02 -.4769E-01
  .2000627049E+04   .2000629781E+04  .5400E+02  .3744E+08  .5380E+09  .2400E+03  .3500E+02  .1025E+12  .2667E+02 -.5190E+02  .1420E+02 -.6040E+02  .1830E+02  .2295E+03  .9165E+01  .1909E+00  .7278E+03  .2033E+05  .2751E+02 -.4769E-01
  .2000633197E+04   .2000637978E+04  .1200E+03  .3486E+09  .1096E+11  .1060E+04  .7500E+02  .1028E+12  .5300E+02 -.4450E+02  .1200E+02 -.7700E+02  .1950E+02  .2318E+03  .3252E+02  .2852E+00  .3050E+04  .1864E+06  .2751E+02 -.4769E-01
  .2000668033E+04   .2000670082E+04  .6000E+02  .6101E+08  .1040E+10  .3250E+03  .3500E+02  .1029E+12  .3250E+02 -.4520E+02  .1480E+02 -.5800E+02  .2000E+02  .2445E+03  .1337E+02  .2476E+00  .1068E+04  .3539E+05  .2751E+02 -.4769E-01
  .2000693306E+04   .2000709699E+04  .1740E+03  .5007E+09  .1494E+11  .1560E+04  .7000E+02  .1034E+12  .5379E+02 -.7090E+02  .3090E+02 -.5300E+02  .4550E+02  .2538E+03  .2910E+02  .1732E+00  .3021E+04  .1752E+06  .2751E+02 -.4769E-01
  .2000703552E+04   .2000711066E+04  .1680E+03  .2626E+09  .6916E+10  .1040E+04  .7000E+02  .1037E+12  .3714E+02 -.8730E+02  .1980E+02 -.6300E+02  .4350E+02  .2575E+03  .3430E+02  .2118E+00  .1641E+04  .8402E+05  .2751E+02 -.4769E-01
  .2000706284E+04   .2000723361E+04  .2520E+03  .3186E+09  .6899E+10  .1460E+04  .6000E+02  .1040E+12  .3476E+02 -.5220E+02  .1490E+02 -.4880E+02  .4610E+02  .2585E+03  .7474E+02  .3038E+00  .1327E+04  .5587E+05  .2751E+02 -.4769E-01
  .2000722678E+04   .2000742486E+04  .3120E+03  .1824E+10  .8284E+11  .3880E+04  .1200E+03  .1058E+12  .7462E+02 -.2300E+02  .1150E+02 -.4000E+01  .6200E+02  .2645E+03  .8911E+02  .2912E+00  .6136E+04  .5419E+06  .2751E+02 -.4769E-01
  .2000733607E+04   .2000741120E+04  .1680E+03  .4542E+09  .1450E+11  .1405E+04  .8000E+02  .1062E+12  .5018E+02 -.2960E+02  .1120E+02 -.6490E+02  .1190E+02  .2685E+03  .3520E+02  .2173E+00  .2838E+04  .1762E+06  .2751E+02 -.4769E-01
  .2000742486E+04   .2000749317E+04  .1920E+03  .7416E+09  .3197E+11  .1820E+04  .1200E+03  .1070E+12  .5688E+02 -.8290E+02  .1610E+02 -.1010E+03  .2380E+02  .2718E+03  .1965E+02  .1056E+00  .4055E+04  .3398E+06  .2751E+02 -.4769E-01
  .2000758197E+04   .2000775273E+04  .1560E+03  .2293E+09  .4887E+10  .1005E+04  .6000E+02  .1072E+12  .3865E+02 -.8140E+02  .2900E+02 -.1000E+02  .5300E+02  .2775E+03  .5958E+02  .3972E+00  .1543E+04  .6394E+05  .2751E+02 -.4769E-01
  .2000788251E+04   .2000799863E+04  .1320E+03  .4334E+09  .1457E+11  .1235E+04  .8500E+02  .1077E+12  .5614E+02 -.7120E+02  .3000E+02 -.5050E+02  .5200E+02  .2885E+03  .2945E+02  .2338E+00  .3447E+04  .2252E+06  .2751E+02 -.4769E-01
  .2000799180E+04   .2000803279E+04  .7800E+02  .1149E+09  .2471E+10  .5000E+03  .5000E+02  .1078E+12  .3846E+02 -.5990E+02  .2620E+02 -.4700E+02  .3900E+02  .2925E+03  .1700E+02  .2362E+00  .1546E+04  .6465E+05  .2751E+02 -.4769E-01
  .2000814208E+04   .2000824454E+04  .1140E+03  .2213E+09  .5352E+10  .8450E+03  .5500E+02  .1080E+12  .4447E+02 -.6950E+02  .2150E+02 -.5950E+02  .4600E+02  .2980E+03  .2903E+02  .2688E+00  .2038E+04  .9581E+05  .2751E+02 -.4769E-01
